,player_name,result_type,result_contest,result_zone,0 pts,2 pts,3 pts
0,Draymond Green,1-2D Pull-Up,Average,Mid-Left Above Break 3,0.5851278796466544,0.06969232428964801,0.3451797960636977
1,Draymond Green,1-2D Pull-Up,Average,Rim,0.401343535927027,0.373953448019899,0.22470301605307402
2,Draymond Green,1-2D Pull-Up,Average,Left Above Break 3,0.47421594050541727,0.07431004712353491,0.4514740123710478
3,Draymond Green,1-2D Pull-Up,Average,Left Corner 3,0.6024344386858569,0.07726049422132245,0.32030506709282075
4,Draymond Green,1-2D Pull-Up,Average,Mid-Right Above Break 3,0.5914985706400113,0.08013222905605374,0.328369200303935
5,Draymond Green,1-2D Pull-Up,Average,Right Above Break 3,0.5639705808788262,0.07584891586170539,0.3601805032594684
6,Draymond Green,1-2D Pull-Up,Average,Right Corner 3,0.5766799792507415,0.07802525327475579,0.3452947674745028
7,Draymond Green,1-2D Pull-Up,Plus,Mid-Left Above Break 3,0.5979045764718045,0.07321529153480169,0.3288801319933938
8,Draymond Green,1-2D Pull-Up,Plus,Rim,0.40826133286007416,0.3782793499697311,0.21345931717019484
9,Draymond Green,1-2D Pull-Up,Plus,Left Above Break 3,0.48978879191790153,0.07811007981938126,0.4321011282627172
10,Draymond Green,1-2D Pull-Up,Plus,Left Corner 3,0.6141867603231568,0.0809626897093697,0.30485054996747357
11,Draymond Green,1-2D Pull-Up,Plus,Mid-Right Above Break 3,0.6035606206052562,0.08390735706071775,0.3125320223340262
12,Draymond Green,1-2D Pull-Up,Plus,Right Above Break 3,0.5771083411186048,0.0796501636804128,0.34324149520098235
13,Draymond Green,1-2D Pull-Up,Plus,Right Corner 3,0.5894609851681168,0.08173660285326936,0.3288024119786138
14,Draymond Green,1-2D Pull-Up,Open,Mid-Left Above Break 3,0.501268957607299,0.14466914050042923,0.3540619018922717
15,Draymond Green,1-2D Pull-Up,Open,Rim,0.25960531372283296,0.5610714208611745,0.17932326541599258
16,Draymond Green,1-2D Pull-Up,Open,Left Above Break 3,0.38396827198577305,0.15827667678588997,0.457755051228337
17,Draymond Green,1-2D Pull-Up,Open,Left Corner 3,0.5154372785203043,0.1588155729456659,0.3257471485340298
18,Draymond Green,1-2D Pull-Up,Open,Mid-Right Above Break 3,0.5016031754730326,0.16522355745217437,0.333173267074793
19,Draymond Green,1-2D Pull-Up,Open,Right Above Break 3,0.47571541828932834,0.1571767031024718,0.3671078786081998
20,Draymond Green,1-2D Pull-Up,Open,Right Corner 3,0.48632209901446394,0.16215004596631027,0.3515278550192259
21,Draymond Green,1-2D Pull-Up,Poor,Mid-Left Above Break 3,0.598159078235889,0.11610009211581143,0.2857408296482998
22,Draymond Green,1-2D Pull-Up,Poor,Rim,0.3491482366807139,0.49196506131646656,0.15888670200281949
23,Draymond Green,1-2D Pull-Up,Poor,Left Above Break 3,0.4924445246331136,0.1289451782906817,0.3786102970762048
24,Draymond Green,1-2D Pull-Up,Poor,Left Corner 3,0.6097364112439322,0.12721381997604503,0.26304976878002273
25,Draymond Green,1-2D Pull-Up,Poor,Mid-Right Above Break 3,0.5982512514578943,0.13236363419700944,0.26938511434509627
26,Draymond Green,1-2D Pull-Up,Poor,Right Above Break 3,0.5757388511015069,0.12664093396090065,0.2976202149375925
27,Draymond Green,1-2D Pull-Up,Poor,Right Corner 3,0.5858797370756943,0.12987611509685243,0.28424414782745316
28,Draymond Green,Off-Movement,Average,Mid-Left Above Break 3,0.6206069969571859,0.0527218835775751,0.32667111946523897
29,Draymond Green,Off-Movement,Average,Rim,0.4744379561112185,0.29853320552325935,0.22702883836552218
30,Draymond Green,Off-Movement,Average,Left Above Break 3,0.5187661628523278,0.055732943404350824,0.4255008937433213
31,Draymond Green,Off-Movement,Average,Left Corner 3,0.6374914248937429,0.05853342421176581,0.3039751508944912
32,Draymond Green,Off-Movement,Average,Mid-Right Above Break 3,0.6280627737864191,0.06062551883638647,0.31131170737719466
33,Draymond Green,Off-Movement,Average,Right Above Break 3,0.6018245471414756,0.05738468855043928,0.34079076430808514
34,Draymond Green,Off-Movement,Average,Right Corner 3,0.6146205275226537,0.05890249928005559,0.3264769731972907
35,Draymond Green,Off-Movement,Plus,Mid-Left Above Break 3,0.632828353527203,0.055638758379867,0.31153288809293006
36,Draymond Green,Off-Movement,Plus,Rim,0.48192206974651786,0.30269730989019616,0.21538062036328598
37,Draymond Green,Off-Movement,Plus,Left Above Break 3,0.5338064159937227,0.058953969131789595,0.40723961487448773
38,Draymond Green,Off-Movement,Plus,Left Corner 3,0.6487664796013621,0.061611464722021406,0.2896220556766166
39,Draymond Green,Off-Movement,Plus,Mid-Right Above Break 3,0.6396152999358558,0.06378469206002267,0.29660000800412156
40,Draymond Green,Off-Movement,Plus,Right Above Break 3,0.6144006073764456,0.06056107356491255,0.3250383190586418
41,Draymond Green,Off-Movement,Plus,Right Corner 3,0.6268303973249614,0.06201490698707172,0.31115469568796683
42,Draymond Green,Off-Movement,Open,Mid-Left Above Break 3,0.5522195184476495,0.10878507491246223,0.3389954066398884
43,Draymond Green,Off-Movement,Open,Rim,0.3235528989682014,0.486977425088302,0.18946967594349673
44,Draymond Green,Off-Movement,Open,Left Above Break 3,0.44062248310404584,0.11810120229897494,0.44127631459697925
45,Draymond Green,Off-Movement,Open,Left Corner 3,0.5668383757286215,0.12000936155618705,0.3131522627151915
46,Draymond Green,Off-Movement,Open,Mid-Right Above Break 3,0.5547880209297004,0.12470824840563169,0.3205037306646679
47,Draymond Green,Off-Movement,Open,Right Above Break 3,0.5292549512993779,0.11832304183843374,0.3524220068621883
48,Draymond Green,Off-Movement,Open,Right Corner 3,0.5405530253047518,0.12194658666216389,0.3375003880330843
49,Draymond Green,Off-Movement,Poor,Mid-Left Above Break 3,0.6399115732295075,0.08744358260423135,0.2726448441662611
50,Draymond Green,Off-Movement,Poor,Rim,0.4205396130441109,0.4153272997168987,0.16413308723899053
51,Draymond Green,Off-Movement,Poor,Left Above Break 3,0.543559926293495,0.09618969597356816,0.3602503777329368
52,Draymond Green,Off-Movement,Poor,Left Corner 3,0.6517718170510086,0.09614881003043083,0.25207937291856064
53,Draymond Green,Off-Movement,Poor,Mid-Right Above Break 3,0.6420478668613151,0.09992492556353971,0.2580272075751452
54,Draymond Green,Off-Movement,Poor,Right Above Break 3,0.6203491695407817,0.09545778220481377,0.28419304825440456
55,Draymond Green,Off-Movement,Poor,Right Corner 3,0.6308491006270017,0.09773550672315942,0.2714153926498389
56,Draymond Green,Layup,Average,Mid-Left Above Break 3,0.553152426527389,0.1897423683503482,0.25710520512226265
57,Draymond Green,Layup,Average,Rim,0.2652433662349333,0.6080599414803306,0.12669669228473615
58,Draymond Green,Layup,Average,Left Above Break 3,0.4446788569587228,0.21384817617188676,0.34147296686939044
59,Draymond Green,Layup,Average,Left Corner 3,0.5603401480094854,0.20508296334352397,0.2345768886469906
60,Draymond Green,Layup,Average,Mid-Right Above Break 3,0.5467975993741726,0.21324643427092535,0.23995596635490218
61,Draymond Green,Layup,Average,Right Above Break 3,0.5270976915965842,0.20614657019789098,0.2667557382055249
62,Draymond Green,Layup,Average,Right Corner 3,0.5350347601667702,0.2106162101498132,0.2543490296834167
63,Draymond Green,Layup,Plus,Mid-Left Above Break 3,0.5618029721900346,0.1943862988943293,0.243810728915636
64,Draymond Green,Layup,Plus,Rim,0.26689052384429085,0.6120489615383702,0.12106051461733887
65,Draymond Green,Layup,Plus,Left Above Break 3,0.4562569448208874,0.21891620400774192,0.3248268511713706
66,Draymond Green,Layup,Plus,Left Corner 3,0.5678179813597771,0.2097416809235487,0.2224403377166741
67,Draymond Green,Layup,Plus,Mid-Right Above Break 3,0.554581081291289,0.21788094651988735,0.22753797218882355
68,Draymond Green,Layup,Plus,Right Above Break 3,0.5360512654345366,0.21099263101297766,0.2529561035524857
69,Draymond Green,Layup,Plus,Right Corner 3,0.5435802604211901,0.2151927254744038,0.2412270141044061
70,Draymond Green,Layup,Open,Mid-Left Above Break 3,0.41161329379469125,0.3543503471324488,0.23403635907285988
71,Draymond Green,Layup,Open,Rim,0.15928663285804787,0.7371834713653407,0.10352989577661142
72,Draymond Green,Layup,Open,Left Above Break 3,0.31011457046812196,0.3923461996795798,0.2975392298522982
73,Draymond Green,Layup,Open,Left Corner 3,0.41460798679767186,0.3744231798176806,0.21096883338464764
74,Draymond Green,Layup,Open,Mid-Right Above Break 3,0.39943216930776154,0.38658010741952953,0.2139877232727089
75,Draymond Green,Layup,Open,Right Above Break 3,0.38299924309693917,0.3782994181304761,0.2387013387725847
76,Draymond Green,Layup,Open,Right Corner 3,0.3885803372280528,0.38459969674312744,0.22681996602881976
77,Draymond Green,Layup,Poor,Mid-Left Above Break 3,0.5143403106440927,0.28955426483228003,0.19610542452362734
78,Draymond Green,Layup,Poor,Rim,0.22338783160563674,0.6814246538241397,0.09518751457022345
79,Draymond Green,Layup,Poor,Left Above Break 3,0.4141331513632725,0.32919147782797703,0.25667537080875047
80,Draymond Green,Layup,Poor,Left Corner 3,0.5149518862778707,0.30743499433474203,0.17761311938738727
81,Draymond Green,Layup,Poor,Mid-Right Above Break 3,0.500794848229621,0.3184823262597677,0.1807228255106113
82,Draymond Green,Layup,Poor,Right Above Break 3,0.48661007734856965,0.3118194595358231,0.2015704631156073
83,Draymond Green,Layup,Poor,Right Corner 3,0.4917203709953232,0.3166667749027529,0.1916128541019239
84,Draymond Green,Catch & Shoot,Average,Mid-Left Above Break 3,0.6940476255995682,0.03634338351078455,0.2696089908896473
85,Draymond Green,Catch & Shoot,Average,Rim,0.5903635420239315,0.2099066178220023,0.19972984015406628
86,Draymond Green,Catch & Shoot,Average,Left Above Break 3,0.6068624543993126,0.03917805109013016,0.35395949451055714
87,Draymond Green,Catch & Shoot,Average,Left Corner 3,0.7088024194584086,0.04012586038597978,0.25107172015561174
88,Draymond Green,Catch & Shoot,Average,Mid-Right Above Break 3,0.7013464839657308,0.04160112055855862,0.25705239547571057
89,Draymond Green,Catch & Shoot,Average,Right Above Break 3,0.6785029804384947,0.03975764971204933,0.281739369849456
90,Draymond Green,Catch & Shoot,Average,Right Corner 3,0.6903190054726265,0.04049976948712861,0.26918122504024494
91,Draymond Green,Catch & Shoot,Plus,Mid-Left Above Break 3,0.7046251699455508,0.038328395506036096,0.257046434548413
92,Draymond Green,Catch & Shoot,Plus,Rim,0.5967466361241118,0.21351849499260625,0.189734868883282
93,Draymond Green,Catch & Shoot,Plus,Left Above Break 3,0.6204877063220463,0.041511107358653924,0.3380011863192996
94,Draymond Green,Catch & Shoot,Plus,Left Corner 3,0.7184690176044827,0.04221320479981855,0.23931777759569867
95,Draymond Green,Catch & Shoot,Plus,Mid-Right Above Break 3,0.7112673986042006,0.043760283776998796,0.24497231761880056
96,Draymond Green,Catch & Shoot,Plus,Right Above Break 3,0.6894729732571715,0.04195007391164046,0.2685769528311879
97,Draymond Green,Catch & Shoot,Plus,Right Corner 3,0.7008412962436534,0.042640304236575145,0.2565183995197716
98,Draymond Green,Catch & Shoot,Open,Mid-Left Above Break 3,0.641875366788727,0.07480012038525077,0.28332451282602217
99,Draymond Green,Catch & Shoot,Open,Rim,0.4416577738073646,0.3797408605688423,0.178601365623793
100,Draymond Green,Catch & Shoot,Open,Left Above Break 3,0.5439131967788879,0.08177949529901148,0.3743073079221005
101,Draymond Green,Catch & Shoot,Open,Left Corner 3,0.6552296683540202,0.0824197679660872,0.2623505636798925
102,Draymond Green,Catch & Shoot,Open,Mid-Right Above Break 3,0.6456665688806805,0.08562676725519189,0.2687066638641275
103,Draymond Green,Catch & Shoot,Open,Right Above Break 3,0.6226610036906296,0.0816815353710809,0.2956574609382895
104,Draymond Green,Catch & Shoot,Open,Right Corner 3,0.6338240648677916,0.08364145762384081,0.28253447750836747
105,Draymond Green,Catch & Shoot,Poor,Mid-Left Above Break 3,0.7148646554941818,0.05906498960252808,0.22607035490328994
106,Draymond Green,Catch & Shoot,Poor,Rim,0.5384603663592916,0.31092383724931605,0.1506157963913924
107,Draymond Green,Catch & Shoot,Poor,Left Above Break 3,0.634962797408621,0.06575241893083499,0.2992847836605439
108,Draymond Green,Catch & Shoot,Poor,Left Corner 3,0.725239086921712,0.06481160586603898,0.209949307212249
109,Draymond Green,Catch & Shoot,Poor,Mid-Right Above Break 3,0.7178067621913963,0.06739605277102255,0.21479718503758125
110,Draymond Green,Catch & Shoot,Poor,Right Above Break 3,0.699236400254187,0.06478067242579544,0.23598292732001758
111,Draymond Green,Catch & Shoot,Poor,Right Corner 3,0.708864440514396,0.06591663960553887,0.22521891988006515
112,Draymond Green,Dunk,Average,Mid-Left Above Break 3,0.4748193161344135,0.2120253128159438,0.31315537104964253
113,Draymond Green,Dunk,Average,Rim,0.22700147911350474,0.6283457134238397,0.14465280746265555
114,Draymond Green,Dunk,Average,Left Above Break 3,0.35808270139240095,0.23904762086724926,0.4028696777403497
115,Draymond Green,Dunk,Average,Left Corner 3,0.48565186313320546,0.22890749887699297,0.28544063798980157
116,Draymond Green,Dunk,Average,Mid-Right Above Break 3,0.47015998537231846,0.23867465454249598,0.2911653600851856
117,Draymond Green,Dunk,Average,Right Above Break 3,0.44659327581675273,0.23022629544892242,0.32318042873432484
118,Draymond Green,Dunk,Average,Right Corner 3,0.45550518469633144,0.23647336067933736,0.30802145462433117
119,Draymond Green,Dunk,Plus,Mid-Left Above Break 3,0.48668478726066067,0.2153592856925405,0.29795592704679885
120,Draymond Green,Dunk,Plus,Rim,0.2279586411127797,0.6342582144974743,0.13778314438974598
121,Draymond Green,Dunk,Plus,Left Above Break 3,0.3709358992317098,0.24311973060150577,0.3859443701667844
122,Draymond Green,Dunk,Plus,Left Corner 3,0.49642513475713973,0.2322836981930525,0.2712911670498079
123,Draymond Green,Dunk,Plus,Mid-Right Above Break 3,0.48107693129614193,0.242052387384217,0.27687068131964115
124,Draymond Green,Dunk,Plus,Right Above Break 3,0.4584602715656342,0.23381695069881575,0.3077227777355502
125,Draymond Green,Dunk,Plus,Right Corner 3,0.4669866200375995,0.23981125239590456,0.293202127566496
126,Draymond Green,Dunk,Open,Mid-Left Above Break 3,0.3382434296965261,0.38827116096685516,0.2734854093366187
127,Draymond Green,Dunk,Open,Rim,0.13657315335335266,0.7463695500332153,0.11705729661343203
128,Draymond Green,Dunk,Open,Left Above Break 3,0.24595357775743137,0.4184419194717484,0.3356045027708202
129,Draymond Green,Dunk,Open,Left Corner 3,0.34422544645576575,0.4085418119587538,0.24723274158548042
130,Draymond Green,Dunk,Open,Mid-Right Above Break 3,0.3300548298431388,0.4202418787257184,0.24970329143114292
131,Draymond Green,Dunk,Open,Right Above Break 3,0.31207356590795843,0.41095560905412576,0.2769708250379158
132,Draymond Green,Dunk,Open,Right Corner 3,0.3188528221752644,0.41788350609744274,0.26326367172729287
133,Draymond Green,Dunk,Poor,Mid-Left Above Break 3,0.44245796364282153,0.3236704125028088,0.23387162385436958
134,Draymond Green,Dunk,Poor,Rim,0.192552095272772,0.6987913644929888,0.10865654023423921
135,Draymond Green,Dunk,Poor,Left Above Break 3,0.33817458850441745,0.3634715851383391,0.29835382635724333
136,Draymond Green,Dunk,Poor,Left Corner 3,0.44714993338806125,0.3415146003842853,0.21133546622765326
137,Draymond Green,Dunk,Poor,Mid-Right Above Break 3,0.43204046741394836,0.35342142941158,0.21453810317447167
138,Draymond Green,Dunk,Poor,Right Above Break 3,0.4139791809346275,0.34674772857261366,0.2392730904927589
139,Draymond Green,Dunk,Poor,Right Corner 3,0.42052579689966174,0.35237762592671446,0.2270965771736239
140,Draymond Green,Floater,Average,Mid-Left Above Break 3,0.7109618236787643,0.0658491016251128,0.22318907469612298
141,Draymond Green,Floater,Average,Rim,0.5302548685482739,0.32410419891260694,0.14564093253911917
142,Draymond Green,Floater,Average,Left Above Break 3,0.6342856100861198,0.07259665990555088,0.2931177300083294
143,Draymond Green,Floater,Average,Left Corner 3,0.7205017958057869,0.07213019601267963,0.2073680081815334
144,Draymond Green,Floater,Average,Mid-Right Above Break 3,0.7132438591500526,0.0748550790953991,0.21190106175454818
145,Draymond Green,Floater,Average,Right Above Break 3,0.6954662835024457,0.07204722948233636,0.23248648701521804
146,Draymond Green,Floater,Average,Right Corner 3,0.7049182859161081,0.07317150463867154,0.22191020944522047
147,Draymond Green,Floater,Plus,Mid-Left Above Break 3,0.718591454575863,0.06881365277829403,0.21259489264584297
148,Draymond Green,Floater,Plus,Rim,0.533063838373017,0.3282526368303979,0.1386835247965852
149,Draymond Green,Floater,Plus,Left Above Break 3,0.6449330011419604,0.07612903537290872,0.278937963485131
150,Draymond Green,Floater,Plus,Left Corner 3,0.7271869880649502,0.07519992991316019,0.19761308202188968
151,Draymond Green,Floater,Plus,Mid-Right Above Break 3,0.7201298500128184,0.07801883351623759,0.20185131647094404
152,Draymond Green,Floater,Plus,Right Above Break 3,0.7033810485762293,0.0753008929526336,0.22131805847113709
153,Draymond Green,Floater,Plus,Right Corner 3,0.7123855197115219,0.07632376793147885,0.21129071235699928
154,Draymond Green,Floater,Open,Mid-Left Above Break 3,0.6406138378183435,0.13293258035683037,0.2264535818248262
155,Draymond Green,Floater,Open,Rim,0.3751946328844106,0.5019402341264093,0.12286513298918007
156,Draymond Green,Floater,Open,Left Above Break 3,0.5537207538409803,0.14776696193253835,0.2985122842264814
157,Draymond Green,Floater,Open,Left Corner 3,0.6466051851545844,0.1448525181185089,0.2085422967269066
158,Draymond Green,Floater,Open,Mid-Right Above Break 3,0.6367553324855462,0.15036063770556884,0.212884029808885
159,Draymond Green,Floater,Open,Right Above Break 3,0.6204136808559539,0.14465120373262413,0.23493511541142187
160,Draymond Green,Floater,Open,Right Corner 3,0.6284078854777235,0.1475740943780606,0.22401802014421573
161,Draymond Green,Floater,Poor,Mid-Left Above Break 3,0.7110645619260106,0.10497008985031217,0.18396534822367733
162,Draymond Green,Floater,Poor,Rim,0.4626182825024271,0.4300350993630029,0.10734661813456989
163,Draymond Green,Floater,Poor,Left Above Break 3,0.6409482775056516,0.11822495845383782,0.24082676404051057
164,Draymond Green,Floater,Poor,Left Corner 3,0.7150881450068848,0.1143287350048634,0.17058311998825187
165,Draymond Green,Floater,Poor,Mid-Right Above Break 3,0.707271971196885,0.11882322462159703,0.17390480418151805
166,Draymond Green,Floater,Poor,Right Above Break 3,0.6944026022127519,0.11475899918551698,0.19083839860173116
167,Draymond Green,Floater,Poor,Right Corner 3,0.7012627943126646,0.11658963910738067,0.1821475665799548
