,player_name,result_type,result_contest,result_zone,0 pts,2 pts,3 pts
0,Draymond Green,Layup,Average,Rim,0.16223952290534088,0.7733287211558031,0.06443175593885622
1,Draymond Green,Layup,Average,Right Corner 3,0.6786393995303375,0.19124963455629732,0.13011096591336538
2,Draymond Green,Layup,Average,Mid-Left Above Break 3,0.5262912608403476,0.20890755523611376,0.2648011839235386
3,Draymond Green,Layup,Average,Mid-Right Above Break 3,0.6385395936962486,0.1902482887447979,0.17121211755895355
4,Draymond Green,Layup,Average,Right Above Break 3,0.670702821314147,0.17242341587141036,0.15687376281444268
5,Draymond Green,Layup,Average,Left Corner 3,0.6412966797387394,0.2051881102300966,0.15351521003116414
6,Draymond Green,Layup,Average,Left Above Break 3,0.6051557875553755,0.18153931552725885,0.2133048969173657
7,Draymond Green,Layup,Average,Left Midrange,0.2377593524008012,0.6871500101068779,0.07509063749232087
8,Draymond Green,Layup,Average,Mid-Left Short Paint,0.2501610559864891,0.6604643485083088,0.08937459550520208
9,Draymond Green,Layup,Average,Right Short Mid,0.26889697006912694,0.6522413563417626,0.0788616735891103
10,Draymond Green,Layup,Average,Mid-Left Midrange,0.5579386209736766,0.3644288111080799,0.07763256791824347
11,Draymond Green,Layup,Open,Rim,0.1643850570796106,0.7740958819278657,0.06151906099252378
12,Draymond Green,Layup,Open,Right Corner 3,0.6882385470068094,0.20017100879536848,0.11159044419782202
13,Draymond Green,Layup,Open,Mid-Left Above Break 3,0.5558932068648252,0.22304500022125434,0.2210617929139204
14,Draymond Green,Layup,Open,Mid-Right Above Break 3,0.6555151132305671,0.20028791229823417,0.14419697447119878
15,Draymond Green,Layup,Open,Right Above Break 3,0.6856630197876493,0.18132386033131895,0.13301311988103182
16,Draymond Green,Layup,Open,Left Corner 3,0.6548481653659406,0.21511560446243316,0.13003623017162624
17,Draymond Green,Layup,Open,Left Above Break 3,0.6290734957798334,0.19221800234071887,0.17870850187944776
18,Draymond Green,Layup,Open,Left Midrange,0.23998752395840484,0.6918293406437445,0.06818313539785067
19,Draymond Green,Layup,Open,Mid-Left Short Paint,0.2528470467237376,0.6678303258089063,0.0793226274673561
20,Draymond Green,Layup,Open,Right Short Mid,0.27084362369517434,0.6579085074330346,0.07124786887179088
21,Draymond Green,Layup,Open,Mid-Left Midrange,0.5568901164733446,0.3731455439380086,0.06996433958864676
22,Draymond Green,Layup,Poor,Rim,0.24799853897635135,0.6833276148115065,0.0686738462121421
23,Draymond Green,Layup,Poor,Right Corner 3,0.7544199237568272,0.11357525745454222,0.1320048187886305
24,Draymond Green,Layup,Poor,Mid-Left Above Break 3,0.6052191129910449,0.1231852909308597,0.2715955960780954
25,Draymond Green,Layup,Poor,Mid-Right Above Break 3,0.7149343029961197,0.1117642726375611,0.17330142436631915
26,Draymond Green,Layup,Poor,Right Above Break 3,0.7420215120154692,0.10045301453113602,0.15752547345339485
27,Draymond Green,Layup,Poor,Left Corner 3,0.7215649135849082,0.12208873806440354,0.15634634835068834
28,Draymond Green,Layup,Poor,Left Above Break 3,0.6796701541019547,0.10539118122106812,0.2149386646769771
29,Draymond Green,Layup,Poor,Left Midrange,0.3437886377575685,0.5712915301861132,0.08491983205631828
30,Draymond Green,Layup,Poor,Mid-Left Short Paint,0.3610067316074475,0.5350990804884967,0.10389418790405583
31,Draymond Green,Layup,Poor,Right Short Mid,0.38371435949555266,0.5271027588959819,0.08918288160846553
32,Draymond Green,Layup,Poor,Mid-Left Midrange,0.6718545911972956,0.24530239207803423,0.08284301672467013
33,Draymond Green,Layup,Plus,Rim,0.5337265757636772,0.39811770210937214,0.0681557221269506
34,Draymond Green,Layup,Plus,Right Corner 3,0.8777863829607486,0.03314207689364299,0.08907154014560825
35,Draymond Green,Layup,Plus,Mid-Left Above Break 3,0.8090428284330967,0.03553557569341233,0.1554215958734912
36,Draymond Green,Layup,Plus,Mid-Right Above Break 3,0.8612180951006397,0.032103988493028916,0.10667791640633131
37,Draymond Green,Layup,Plus,Right Above Break 3,0.8721273836670557,0.028580172158499183,0.09929244417444516
38,Draymond Green,Layup,Plus,Left Corner 3,0.8648255887830383,0.0354778547703951,0.0996965564465666
39,Draymond Green,Layup,Plus,Left Above Break 3,0.8451716585872457,0.02960149722124474,0.1252268441915095
40,Draymond Green,Layup,Plus,Left Midrange,0.6365603908902888,0.2858160926771916,0.07762351643251955
41,Draymond Green,Layup,Plus,Mid-Left Short Paint,0.6587465101364537,0.25109910223696763,0.09015438762657854
42,Draymond Green,Layup,Plus,Right Short Mid,0.6753706802041854,0.24504976511084614,0.07957955468496831
43,Draymond Green,Layup,Plus,Mid-Left Midrange,0.8455045070030678,0.08373373742297387,0.07076175557395839
44,Draymond Green,Floater,Average,Rim,0.3085620406183701,0.627167794148477,0.06427016523315301
45,Draymond Green,Floater,Average,Right Corner 3,0.7971202217159845,0.0907797863236317,0.11209999196038364
46,Draymond Green,Floater,Average,Mid-Left Above Break 3,0.6789516530321389,0.0973915769634391,0.22365677000442194
47,Draymond Green,Floater,Average,Mid-Right Above Break 3,0.7675327008899251,0.08862711743509091,0.14384018167498414
48,Draymond Green,Floater,Average,Right Above Break 3,0.7890925983999342,0.07952711343377203,0.1313802881662938
49,Draymond Green,Floater,Average,Left Corner 3,0.7720502977558695,0.09718106543720281,0.13076863680692766
50,Draymond Green,Floater,Average,Left Above Break 3,0.7409277738937725,0.0827483108225822,0.1763239152836452
51,Draymond Green,Floater,Average,Left Midrange,0.41063090743441444,0.5119777354741062,0.07739135709147915
52,Draymond Green,Floater,Average,Mid-Left Short Paint,0.43227042395425014,0.47405502787104137,0.09367454817470844
53,Draymond Green,Floater,Average,Right Short Mid,0.4535380822930775,0.4656464253867022,0.08081549232022033
54,Draymond Green,Floater,Average,Mid-Left Midrange,0.7214570264823381,0.20375101854476246,0.07479195497289928
55,Draymond Green,Floater,Open,Rim,0.30901605809496785,0.6307397300861867,0.06024421181884558
56,Draymond Green,Floater,Open,Right Corner 3,0.8056090255158221,0.09631105708063767,0.09807991740354036
57,Draymond Green,Floater,Open,Mid-Left Above Break 3,0.708343753631122,0.10483885825176094,0.18681738811711698
58,Draymond Green,Floater,Open,Mid-Right Above Break 3,0.782843858351056,0.09440556478855672,0.12275057686038719
59,Draymond Green,Floater,Open,Right Above Break 3,0.8021463624531151,0.08465372438188945,0.11319991316499542
60,Draymond Green,Floater,Open,Left Corner 3,0.7843010797200956,0.1031941389745192,0.11250478130538508
61,Draymond Green,Floater,Open,Left Above Break 3,0.7627742188925601,0.08848064024190865,0.1487451408655312
62,Draymond Green,Floater,Open,Left Midrange,0.4097603041929732,0.5210842395991685,0.0691554562078582
63,Draymond Green,Floater,Open,Mid-Left Short Paint,0.43351089462501136,0.484679202696164,0.08180990267882474
64,Draymond Green,Floater,Open,Right Short Mid,0.4530129111532025,0.47494386753623347,0.07204322131056404
65,Draymond Green,Floater,Open,Mid-Left Midrange,0.7195006067956966,0.21208293006436646,0.06841646313993703
66,Draymond Green,Floater,Poor,Rim,0.430552376177683,0.5005506184771963,0.06889700534512072
67,Draymond Green,Floater,Poor,Right Corner 3,0.8378541148340244,0.05125938722037585,0.11088649794559993
68,Draymond Green,Floater,Poor,Mid-Left Above Break 3,0.7277650329279307,0.05373467672083171,0.21850029035123755
69,Draymond Green,Floater,Poor,Mid-Right Above Break 3,0.8094578844635703,0.04946437960813688,0.14107773592829287
70,Draymond Green,Floater,Poor,Right Above Break 3,0.8270468412530845,0.044295953103160965,0.1286572056437545
71,Draymond Green,Floater,Poor,Left Corner 3,0.8164221775849165,0.05469142667860594,0.1288863957364775
72,Draymond Green,Floater,Poor,Left Above Break 3,0.7829798013506252,0.04559217979206156,0.17142801885731318
73,Draymond Green,Floater,Poor,Left Midrange,0.5364283668791844,0.3777187718304231,0.08585286129039257
74,Draymond Green,Floater,Poor,Mid-Left Short Paint,0.5572503155255799,0.3384055005949809,0.10434418387943903
75,Draymond Green,Floater,Poor,Right Short Mid,0.5791218633307698,0.3322258089036797,0.08865232776555061
76,Draymond Green,Floater,Poor,Mid-Left Midrange,0.7974479527105698,0.12506746920767564,0.0774845780817544
77,Draymond Green,Floater,Plus,Rim,0.7083517138718489,0.22564182162881186,0.06600646449933915
78,Draymond Green,Floater,Plus,Right Corner 3,0.9059478532986758,0.014603056157100997,0.0794490905442233
79,Draymond Green,Floater,Plus,Mid-Left Above Break 3,0.8604128800474602,0.015181159322273879,0.12440596063026584
80,Draymond Green,Floater,Plus,Mid-Right Above Break 3,0.8948627403816356,0.013971076637232132,0.09116618298113241
81,Draymond Green,Floater,Plus,Right Above Break 3,0.9014246050330442,0.012459261682758179,0.08611613328419758
82,Draymond Green,Floater,Plus,Left Corner 3,0.898038272064194,0.015516546519987406,0.08644518141581856
83,Draymond Green,Floater,Plus,Left Above Break 3,0.8839881488492555,0.012703864292372826,0.10330798685837159
84,Draymond Green,Floater,Plus,Left Midrange,0.7763394933575863,0.14961571558683462,0.0740447910555789
85,Draymond Green,Floater,Plus,Mid-Left Short Paint,0.7906094775598194,0.12651099774614988,0.08287952469403077
86,Draymond Green,Floater,Plus,Right Short Mid,0.8015074435300148,0.12380483555846018,0.07468772091152501
87,Draymond Green,Floater,Plus,Mid-Left Midrange,0.8937893026782759,0.03867992120723383,0.06753077611449028
88,Draymond Green,Off-Lob / Tip,Average,Rim,0.322560923966175,0.6026194217233292,0.07481965431049593
89,Draymond Green,Off-Lob / Tip,Average,Right Corner 3,0.7675753106337255,0.0751759979198721,0.15724869144640247
90,Draymond Green,Off-Lob / Tip,Average,Mid-Left Above Break 3,0.598811437224768,0.07575882467873904,0.3254297380964929
91,Draymond Green,Off-Lob / Tip,Average,Mid-Right Above Break 3,0.7189481108551863,0.07187794039198954,0.20917394875282405
92,Draymond Green,Off-Lob / Tip,Average,Right Above Break 3,0.7464852605798712,0.06492013392322347,0.1885946054969052
93,Draymond Green,Off-Lob / Tip,Average,Left Corner 3,0.7320881491639925,0.07970240335929778,0.18820944747670976
94,Draymond Green,Off-Lob / Tip,Average,Left Above Break 3,0.6763112658454007,0.06597141620425388,0.25771731795034536
95,Draymond Green,Off-Lob / Tip,Average,Left Midrange,0.42272973577936684,0.47299353583156944,0.10427672838906363
96,Draymond Green,Off-Lob / Tip,Average,Mid-Left Short Paint,0.43725388919500985,0.4298689450631518,0.13287716574183836
97,Draymond Green,Off-Lob / Tip,Average,Right Short Mid,0.46414042418309204,0.42682519759587184,0.10903437822103615
98,Draymond Green,Off-Lob / Tip,Average,Mid-Left Midrange,0.7271544043120326,0.1783520028741259,0.09449359281384144
99,Draymond Green,Off-Lob / Tip,Open,Rim,0.3234593168763281,0.6080206197339597,0.0685200633897122
100,Draymond Green,Off-Lob / Tip,Open,Right Corner 3,0.7868008111543261,0.08073466810998084,0.1324645207356931
101,Draymond Green,Off-Lob / Tip,Open,Mid-Left Above Break 3,0.6437262538409639,0.08356208041041649,0.27271166574861955
102,Draymond Green,Off-Lob / Tip,Open,Mid-Right Above Break 3,0.7481586010196509,0.07789332626456763,0.17394807271578133
103,Draymond Green,Off-Lob / Tip,Open,Right Above Break 3,0.7723751358488156,0.07014268456866982,0.15748217958251468
104,Draymond Green,Off-Lob / Tip,Open,Left Corner 3,0.7570797747609583,0.0859391083629887,0.15698111687605282
105,Draymond Green,Off-Lob / Tip,Open,Left Above Break 3,0.7136222742653615,0.07197691434878321,0.21440081138585523
106,Draymond Green,Off-Lob / Tip,Open,Left Midrange,0.4249770764220654,0.48578858468527003,0.08923433889266463
107,Draymond Green,Off-Lob / Tip,Open,Mid-Left Short Paint,0.44369435198198415,0.44501434681478635,0.11129130120322954
108,Draymond Green,Off-Lob / Tip,Open,Right Short Mid,0.4674562829538168,0.43932330717551354,0.09322040987066964
109,Draymond Green,Off-Lob / Tip,Open,Mid-Left Midrange,0.7297890459946813,0.18685826643806275,0.08335268756725607
110,Draymond Green,Off-Lob / Tip,Poor,Rim,0.4473714501732249,0.47011678518424665,0.08251176464252852
111,Draymond Green,Off-Lob / Tip,Poor,Right Corner 3,0.8033019283923668,0.041898654986869836,0.15479941662076335
112,Draymond Green,Off-Lob / Tip,Poor,Mid-Left Above Break 3,0.6406360307507734,0.04117080275806758,0.3181931664911592
113,Draymond Green,Off-Lob / Tip,Poor,Mid-Right Above Break 3,0.7555323148622358,0.03960288447593704,0.20486480066182705
114,Draymond Green,Off-Lob / Tip,Poor,Right Above Break 3,0.7799564646474545,0.0357315064850531,0.18431202886749243
115,Draymond Green,Off-Lob / Tip,Poor,Left Corner 3,0.7707882335119949,0.044242686996728835,0.18496907949127625
116,Draymond Green,Off-Lob / Tip,Poor,Left Above Break 3,0.7132533468547353,0.03588621836874032,0.2508604347765245
117,Draymond Green,Off-Lob / Tip,Poor,Left Midrange,0.5441103018023787,0.33774468453210793,0.11814501366551333
118,Draymond Green,Off-Lob / Tip,Poor,Mid-Left Short Paint,0.5535193537049103,0.2966161633760964,0.14986448291899324
119,Draymond Green,Off-Lob / Tip,Poor,Right Short Mid,0.5835864242285749,0.29512759439503056,0.12128598137639461
120,Draymond Green,Off-Lob / Tip,Poor,Mid-Left Midrange,0.7959805322574114,0.10705975917851593,0.09695970856407271
121,Draymond Green,Off-Lob / Tip,Plus,Rim,0.724909240238462,0.20064069445763533,0.07445006530390258
122,Draymond Green,Off-Lob / Tip,Plus,Right Corner 3,0.8909491852809321,0.012044821602070753,0.09700599311699705
123,Draymond Green,Off-Lob / Tip,Plus,Mid-Left Above Break 3,0.8111792919988676,0.012121655545015342,0.17669905245611708
124,Draymond Green,Off-Lob / Tip,Plus,Mid-Right Above Break 3,0.8698084169175291,0.01143694975338317,0.11875463332908778
125,Draymond Green,Off-Lob / Tip,Plus,Right Above Break 3,0.8804413222989573,0.010227780409803744,0.10933089729123875
126,Draymond Green,Off-Lob / Tip,Plus,Left Corner 3,0.8772903519013227,0.012753409373959506,0.10995623872471774
127,Draymond Green,Off-Lob / Tip,Plus,Left Above Break 3,0.849541067682912,0.010311680208268852,0.1401472521088191
128,Draymond Green,Off-Lob / Tip,Plus,Left Midrange,0.7808032508851908,0.12888566194504616,0.09031108716976302
129,Draymond Green,Off-Lob / Tip,Plus,Mid-Left Short Paint,0.7868604628414881,0.10777010511466116,0.1053694320438507
130,Draymond Green,Off-Lob / Tip,Plus,Right Short Mid,0.803654111579639,0.10613438623748923,0.09021150218287174
131,Draymond Green,Off-Lob / Tip,Plus,Mid-Left Midrange,0.8926120309708668,0.03241193685735484,0.07497603217177815
132,Draymond Green,Catch & Shoot,Average,Rim,0.508978652056914,0.34737220744166264,0.14364914050142352
133,Draymond Green,Catch & Shoot,Average,Right Corner 3,0.7093050612649257,0.020228537558348542,0.27046640117672593
134,Draymond Green,Catch & Shoot,Average,Mid-Left Above Break 3,0.4841930132880038,0.01834456835052666,0.49746241836146954
135,Draymond Green,Catch & Shoot,Average,Mid-Right Above Break 3,0.6294399248635357,0.01842446779359281,0.35213560734287136
136,Draymond Green,Catch & Shoot,Average,Right Above Break 3,0.6635680924914977,0.016823487880502135,0.31960841962800013
137,Draymond Green,Catch & Shoot,Average,Left Corner 3,0.6570664009820992,0.0209821555156082,0.3219514435022926
138,Draymond Green,Catch & Shoot,Average,Left Above Break 3,0.5674743245392795,0.016381160889411543,0.416144514571309
139,Draymond Green,Catch & Shoot,Average,Left Midrange,0.5584890782015015,0.2086139155411479,0.23289700625735069
140,Draymond Green,Catch & Shoot,Average,Mid-Left Short Paint,0.5321061209364819,0.1738073488655488,0.2940865301979694
141,Draymond Green,Catch & Shoot,Average,Right Short Mid,0.5867494257990421,0.17928772731175996,0.23396284688919788
142,Draymond Green,Catch & Shoot,Average,Mid-Left Midrange,0.781558511626,0.05816687716863208,0.16027461120536796
143,Draymond Green,Catch & Shoot,Open,Rim,0.5173271657231462,0.3590406861059928,0.12363214817086114
144,Draymond Green,Catch & Shoot,Open,Right Corner 3,0.7522084632847859,0.022469574462523963,0.22532196225269022
145,Draymond Green,Catch & Shoot,Open,Mid-Left Above Break 3,0.5401297367319181,0.020907833729907566,0.4389624295381743
146,Draymond Green,Catch & Shoot,Open,Mid-Right Above Break 3,0.6813894036746669,0.020746954822940023,0.2978636415023931
147,Draymond Green,Catch & Shoot,Open,Right Above Break 3,0.7127421302038941,0.018843509470680773,0.2684143603254251
148,Draymond Green,Catch & Shoot,Open,Left Corner 3,0.7060936561225197,0.023487945446447618,0.27041839843103255
149,Draymond Green,Catch & Shoot,Open,Left Above Break 3,0.623384349566202,0.018540495344293712,0.35807515508950427
150,Draymond Green,Catch & Shoot,Open,Left Midrange,0.5831604047085579,0.22473542369045849,0.19210417160098364
151,Draymond Green,Catch & Shoot,Open,Mid-Left Short Paint,0.5664213479763051,0.18960022866680704,0.24397842335688785
152,Draymond Green,Catch & Shoot,Open,Right Short Mid,0.6136097338824373,0.1928206473203568,0.19356961879720588
153,Draymond Green,Catch & Shoot,Open,Mid-Left Midrange,0.8020853864997989,0.0626038823002087,0.13531073119999254
154,Draymond Green,Catch & Shoot,Poor,Rim,0.6214276039623736,0.22448326331785018,0.15408913271977615
155,Draymond Green,Catch & Shoot,Poor,Right Corner 3,0.7275143722295946,0.010836454775597724,0.2616491729948076
156,Draymond Green,Catch & Shoot,Poor,Mid-Left Above Break 3,0.5104588156371623,0.00951188109720031,0.4800293032656374
157,Draymond Green,Catch & Shoot,Poor,Mid-Right Above Break 3,0.649924166192658,0.009761932876654209,0.3403139009306877
158,Draymond Green,Catch & Shoot,Poor,Right Above Break 3,0.6824095376632731,0.008937896984250192,0.3086525653524768
159,Draymond Green,Catch & Shoot,Poor,Left Corner 3,0.6776555873011161,0.01116270043469739,0.3111817122641865
160,Draymond Green,Catch & Shoot,Poor,Left Above Break 3,0.590263697720011,0.008570184225932783,0.4011661180540562
161,Draymond Green,Catch & Shoot,Poor,Left Midrange,0.6345709428994619,0.12374025192627998,0.2416888051742582
162,Draymond Green,Catch & Shoot,Poor,Mid-Left Short Paint,0.5987354913152683,0.10064869033095428,0.30061581835377754
163,Draymond Green,Catch & Shoot,Poor,Right Short Mid,0.6570192984673173,0.10434717912535167,0.23863352240733096
164,Draymond Green,Catch & Shoot,Poor,Mid-Left Midrange,0.8116300847522993,0.03199258215865801,0.15637733308904272
165,Draymond Green,Catch & Shoot,Plus,Rim,0.8267219140587218,0.06915444099191806,0.10412364494936015
166,Draymond Green,Catch & Shoot,Plus,Right Corner 3,0.8505835674188935,0.0032050071389228274,0.1462114254421837
167,Draymond Green,Catch & Shoot,Plus,Mid-Left Above Break 3,0.7039165081017135,0.0029336307329485617,0.29314986116533787
168,Draymond Green,Catch & Shoot,Plus,Mid-Right Above Break 3,0.8058483416172392,0.0029622044007027934,0.19118945398205808
169,Draymond Green,Catch & Shoot,Plus,Right Above Break 3,0.8253732100074511,0.002675892397238284,0.1719508975953105
170,Draymond Green,Catch & Shoot,Plus,Left Corner 3,0.8232590064507539,0.00334580007263493,0.1733951934766111
171,Draymond Green,Catch & Shoot,Plus,Left Above Break 3,0.7664350245799936,0.002602352117414955,0.23096262330259157
172,Draymond Green,Catch & Shoot,Plus,Left Midrange,0.8180625876745907,0.039330665922376114,0.14260674640303314
173,Draymond Green,Catch & Shoot,Plus,Mid-Left Short Paint,0.7952815980031314,0.03153459430326097,0.1731838076936077
174,Draymond Green,Catch & Shoot,Plus,Right Short Mid,0.8296319856545573,0.031761451191885934,0.13860656315355668
175,Draymond Green,Catch & Shoot,Plus,Mid-Left Midrange,0.8936507413236455,0.009090433260419506,0.09725882541593481
176,Draymond Green,Off-Movement,Average,Rim,0.5126261228304008,0.3814743802545878,0.1058994969150114
177,Draymond Green,Off-Movement,Average,Right Corner 3,0.7719038858184608,0.026213208793948516,0.2018829053875908
178,Draymond Green,Off-Movement,Average,Mid-Left Above Break 3,0.5762599252385441,0.024110413006939762,0.3996296617545161
179,Draymond Green,Off-Movement,Average,Mid-Right Above Break 3,0.7082630379228535,0.02417098357475232,0.26756597850239405
180,Draymond Green,Off-Movement,Average,Right Above Break 3,0.7372452213978045,0.021971326644152567,0.24078345195804296
181,Draymond Green,Off-Movement,Average,Left Corner 3,0.7304538712082088,0.02733016994249577,0.24221595884929542
182,Draymond Green,Off-Movement,Average,Left Above Break 3,0.6555023732504213,0.02147825774700038,0.3230193690025785
183,Draymond Green,Off-Movement,Average,Left Midrange,0.5861813260945535,0.2488201681664315,0.164998505739015
184,Draymond Green,Off-Movement,Average,Mid-Left Short Paint,0.5784304828058782,0.21095601244112583,0.21061350475299606
185,Draymond Green,Off-Movement,Average,Right Short Mid,0.6195005245574345,0.2136888229392726,0.1668106525032928
186,Draymond Green,Off-Movement,Average,Mid-Left Midrange,0.8071035482823916,0.07173915133552865,0.12115730038207968
187,Draymond Green,Off-Movement,Open,Rim,0.5155159261364265,0.39148813999715915,0.09299593386641443
188,Draymond Green,Off-Movement,Open,Right Corner 3,0.8031982255012424,0.028755412868807693,0.16804636162994985
189,Draymond Green,Off-Movement,Open,Mid-Left Above Break 3,0.6304797401912324,0.027366695607193632,0.34215356420157395
190,Draymond Green,Off-Movement,Open,Mid-Right Above Break 3,0.7504034758136864,0.026872385493856787,0.2227241386924567
191,Draymond Green,Off-Movement,Open,Right Above Break 3,0.7755837001161379,0.024297413253640758,0.20011888663022134
192,Draymond Green,Off-Movement,Open,Left Corner 3,0.7685510121413898,0.030199789843314322,0.20124919801529603
193,Draymond Green,Off-Movement,Open,Left Above Break 3,0.7045551312905112,0.024076586037022785,0.271368282672466
194,Draymond Green,Off-Movement,Open,Left Midrange,0.5993190853423008,0.2638415192284826,0.1368393954292166
195,Draymond Green,Off-Movement,Open,Mid-Left Short Paint,0.6002411644156294,0.22627519172265448,0.17348364386171622
196,Draymond Green,Off-Movement,Open,Right Short Mid,0.6345504979401186,0.2266494209222588,0.1388000811376226
197,Draymond Green,Off-Movement,Open,Mid-Left Midrange,0.8186464601628132,0.07667716298964279,0.10467637684754409
198,Draymond Green,Off-Movement,Poor,Rim,0.6322482477974318,0.2539404525230421,0.11381129967952601
199,Draymond Green,Off-Movement,Poor,Right Corner 3,0.7894479983213918,0.014227489240505098,0.19632451243810317
200,Draymond Green,Off-Movement,Poor,Mid-Left Above Break 3,0.6003995495252374,0.012745718091030903,0.38685473238373175
201,Draymond Green,Off-Movement,Poor,Mid-Right Above Break 3,0.727423765933849,0.013005291667408625,0.2595709423987424
202,Draymond Green,Off-Movement,Poor,Right Above Break 3,0.7547147997379808,0.011839430336292886,0.2334457699257261
203,Draymond Green,Off-Movement,Poor,Left Corner 3,0.7500610375240849,0.014760177532200044,0.23517878494371497
204,Draymond Green,Off-Movement,Poor,Left Above Break 3,0.6762228534800061,0.011435452771979928,0.31234169374801407
205,Draymond Green,Off-Movement,Poor,Left Midrange,0.6727904611308857,0.15273552011151878,0.17447401875759544
206,Draymond Green,Off-Movement,Poor,Mid-Left Short Paint,0.6547719090852965,0.12600673959114647,0.21922135132355702
207,Draymond Green,Off-Movement,Poor,Right Short Mid,0.6987168298319381,0.1282521174584999,0.17303105270956204
208,Draymond Green,Off-Movement,Poor,Mid-Left Midrange,0.8400132287462935,0.04018002082659241,0.11980675042711406
209,Draymond Green,Off-Movement,Plus,Rim,0.8315326530831907,0.08298474634135494,0.08548260057545432
210,Draymond Green,Off-Movement,Plus,Right Corner 3,0.88112632669203,0.004149440962183953,0.11472423234578608
211,Draymond Green,Off-Movement,Plus,Mid-Left Above Break 3,0.7739856595208572,0.003967477362538605,0.22204686311660438
212,Draymond Green,Off-Movement,Plus,Mid-Right Above Break 3,0.8506156961960942,0.0038851251979036285,0.14549917860600214
213,Draymond Green,Off-Movement,Plus,Right Above Break 3,0.864370675713255,0.003489999053936127,0.13213932523280897
214,Draymond Green,Off-Movement,Plus,Left Corner 3,0.8625604906543816,0.004360471300041395,0.1330790380455771
215,Draymond Green,Off-Movement,Plus,Left Above Break 3,0.8223915979318827,0.003448788193736905,0.17415961387438042
216,Draymond Green,Off-Movement,Plus,Left Midrange,0.8398121269722623,0.04941526629987244,0.11077260672786515
217,Draymond Green,Off-Movement,Plus,Mid-Left Short Paint,0.8286336628290896,0.04004018322495033,0.13132615394596014
218,Draymond Green,Off-Movement,Plus,Right Short Mid,0.8517482357802699,0.039857641133001484,0.10839412308672869
219,Draymond Green,Off-Movement,Plus,Mid-Left Midrange,0.9055445748502431,0.011536586817339453,0.08291883833241755
220,Draymond Green,1-2D Pull-Up,Average,Rim,0.2840941684703569,0.6187581682596004,0.09714766327004261
221,Draymond Green,1-2D Pull-Up,Average,Right Corner 3,0.6675112506497877,0.06940122793443683,0.2630875214157756
222,Draymond Green,1-2D Pull-Up,Average,Mid-Left Above Break 3,0.44783015561823286,0.06326604875702797,0.48890379562473907
223,Draymond Green,1-2D Pull-Up,Average,Mid-Right Above Break 3,0.5917524782821451,0.06370052584383852,0.3445469958740165
224,Draymond Green,1-2D Pull-Up,Average,Right Above Break 3,0.6278132124260801,0.05842988906338448,0.31375689851053556
225,Draymond Green,1-2D Pull-Up,Average,Left Corner 3,0.6149684915478769,0.0719173024668449,0.3131142059852783
226,Draymond Green,1-2D Pull-Up,Average,Left Above Break 3,0.5328205906541873,0.05701614137665838,0.4101632679691544
227,Draymond Green,1-2D Pull-Up,Average,Left Midrange,0.37109829126715715,0.4651916324571238,0.16371007627571904
228,Draymond Green,1-2D Pull-Up,Average,Mid-Left Short Paint,0.3714245794152099,0.4123012531807211,0.21627416740406905
229,Draymond Green,1-2D Pull-Up,Average,Right Short Mid,0.40681924633217365,0.4209776130918777,0.17220314057594874
230,Draymond Green,1-2D Pull-Up,Average,Mid-Left Midrange,0.6776600837664806,0.1779391267256778,0.14440078950784174
231,Draymond Green,1-2D Pull-Up,Open,Rim,0.2867301923744138,0.6274434664130237,0.08582634121256247
232,Draymond Green,1-2D Pull-Up,Open,Right Corner 3,0.7053125442433352,0.07653731676111823,0.21815013899554656
233,Draymond Green,1-2D Pull-Up,Open,Mid-Left Above Break 3,0.499439348349739,0.07185531648309015,0.4287053351671707
234,Draymond Green,1-2D Pull-Up,Open,Mid-Right Above Break 3,0.6387549059388045,0.07130509031015442,0.289940003751041
235,Draymond Green,1-2D Pull-Up,Open,Right Above Break 3,0.6725607190694088,0.06506834270036968,0.2623709382302215
236,Draymond Green,1-2D Pull-Up,Open,Left Corner 3,0.6584877717147792,0.07995073107505858,0.2615614972101622
237,Draymond Green,1-2D Pull-Up,Open,Left Above Break 3,0.5845455681831195,0.06424769514494026,0.35120673667194025
238,Draymond Green,1-2D Pull-Up,Open,Left Midrange,0.3797068566579034,0.48583507267679815,0.13445807066529833
239,Draymond Green,1-2D Pull-Up,Open,Mid-Left Short Paint,0.3865956941251191,0.43689212981083053,0.1765121760640504
240,Draymond Green,1-2D Pull-Up,Open,Right Short Mid,0.4176529128387177,0.44078946648271866,0.14155762067856356
241,Draymond Green,1-2D Pull-Up,Open,Mid-Left Midrange,0.6901611392960864,0.1886627413094119,0.12117611939450179
242,Draymond Green,1-2D Pull-Up,Poor,Rim,0.403073050725848,0.4843132411892871,0.11261370808486501
243,Draymond Green,1-2D Pull-Up,Poor,Right Corner 3,0.7022254822822381,0.03828554945502698,0.2594889682627349
244,Draymond Green,1-2D Pull-Up,Poor,Mid-Left Above Break 3,0.486286618595007,0.033922183693057266,0.4797911977119358
245,Draymond Green,1-2D Pull-Up,Poor,Mid-Right Above Break 3,0.6265161356993433,0.03470681737878659,0.3387770469218701
246,Draymond Green,1-2D Pull-Up,Poor,Right Above Break 3,0.6604018581746175,0.031827432817303054,0.3077707090080793
247,Draymond Green,1-2D Pull-Up,Poor,Left Corner 3,0.6517644810411706,0.0394786753030673,0.30875684365576206
248,Draymond Green,1-2D Pull-Up,Poor,Left Above Break 3,0.5680340475496386,0.030644473922606434,0.4013214785277549
249,Draymond Green,1-2D Pull-Up,Poor,Left Midrange,0.48089838106759775,0.3278269710754516,0.1912746478569507
250,Draymond Green,1-2D Pull-Up,Poor,Mid-Left Short Paint,0.47210728755115994,0.27977684183834184,0.24811587061049806
251,Draymond Green,1-2D Pull-Up,Poor,Right Short Mid,0.5158741152826094,0.2876651453290743,0.19646073938831632
252,Draymond Green,1-2D Pull-Up,Poor,Mid-Left Midrange,0.7462995055075867,0.10548197937962978,0.14821851511278347
253,Draymond Green,1-2D Pull-Up,Plus,Rim,0.6973676480865396,0.2083090794262946,0.0943232724871659
254,Draymond Green,1-2D Pull-Up,Plus,Right Corner 3,0.8414202604911921,0.0116255688779831,0.14695417063082478
255,Draymond Green,1-2D Pull-Up,Plus,Mid-Left Above Break 3,0.6934603128927528,0.010753840443847761,0.29578584666339963
256,Draymond Green,1-2D Pull-Up,Plus,Mid-Right Above Break 3,0.7966807520303506,0.010794568445203434,0.192524679524446
257,Draymond Green,1-2D Pull-Up,Plus,Right Above Break 3,0.8170489796358826,0.009741428435779171,0.17320959192833835
258,Draymond Green,1-2D Pull-Up,Plus,Left Corner 3,0.8134006663743273,0.01216490033846942,0.17443443328720348
259,Draymond Green,1-2D Pull-Up,Plus,Left Above Break 3,0.7573680508859034,0.009516291737745814,0.23311565737635065
260,Draymond Green,1-2D Pull-Up,Plus,Left Midrange,0.7375532185007145,0.12938192557773193,0.13306485592155357
261,Draymond Green,1-2D Pull-Up,Plus,Mid-Left Short Paint,0.7298697210949401,0.10610442616175061,0.16402585274330925
262,Draymond Green,1-2D Pull-Up,Plus,Right Short Mid,0.7618299053268218,0.1065029618829971,0.13166713279018122
263,Draymond Green,1-2D Pull-Up,Plus,Mid-Left Midrange,0.8713620428703571,0.03223032799038204,0.09640762913926082
264,Draymond Green,Hook,Average,Rim,0.3404596765082405,0.5879081336086867,0.07163218988307289
265,Draymond Green,Hook,Average,Right Corner 3,0.7778484553563378,0.07226860331992353,0.14988294132373858
266,Draymond Green,Hook,Average,Mid-Left Above Break 3,0.6189804637412339,0.07184985646485816,0.309169679793908
267,Draymond Green,Hook,Average,Mid-Right Above Break 3,0.7324844068620663,0.06877607412648179,0.19873951901145195
268,Draymond Green,Hook,Average,Right Above Break 3,0.7585275783074357,0.062185083416208396,0.17928733827635607
269,Draymond Green,Hook,Average,Left Corner 3,0.7447691981073408,0.07635925982358376,0.17887154206907546
270,Draymond Green,Hook,Average,Left Above Break 3,0.6928724049257244,0.06274788778806831,0.24437970728620723
271,Draymond Green,Hook,Average,Left Midrange,0.4398604551878608,0.4604917815067462,0.09964776330539289
272,Draymond Green,Hook,Average,Mid-Left Short Paint,0.45614380448534203,0.41707358572825254,0.12678260978640538
273,Draymond Green,Hook,Average,Right Short Mid,0.4818452503704661,0.4141652577583262,0.10398949187120768
274,Draymond Green,Hook,Average,Mid-Left Midrange,0.7370044553799499,0.17237288387414162,0.09062266074590844
275,Draymond Green,Hook,Open,Rim,0.34090984922477696,0.5934888837142285,0.06560126706099448
276,Draymond Green,Hook,Open,Right Corner 3,0.7958169190801214,0.07771031879514989,0.1264727621247286
277,Draymond Green,Hook,Open,Mid-Left Above Break 3,0.6623100607645492,0.07941446446392834,0.2582754747715224
278,Draymond Green,Hook,Open,Mid-Right Above Break 3,0.7601327853776012,0.07463707355415927,0.16523014106823958
279,Draymond Green,Hook,Open,Right Above Break 3,0.7829364597380122,0.06727972289748316,0.14978381736450458
280,Draymond Green,Hook,Open,Left Corner 3,0.7682923796038075,0.08244952493136828,0.14925809546482433
281,Draymond Green,Hook,Open,Left Above Break 3,0.7284658046801413,0.06857947840538092,0.20295471691447786
282,Draymond Green,Hook,Open,Left Midrange,0.4411663876979087,0.47346646556181105,0.0853671467402802
283,Draymond Green,Hook,Open,Mid-Left Short Paint,0.46160697019910096,0.43219608291914025,0.10619694688175885
284,Draymond Green,Hook,Open,Right Short Mid,0.4841936150502778,0.4268018598878819,0.08900452506184031
285,Draymond Green,Hook,Open,Mid-Left Midrange,0.7388878698172692,0.18087783809085742,0.08023429209187324
286,Draymond Green,Hook,Poor,Rim,0.4658454612701906,0.45561495185728174,0.07853958687252777
287,Draymond Green,Hook,Poor,Right Corner 3,0.8115185373365094,0.04039869019463801,0.1480827724688526
288,Draymond Green,Hook,Poor,Mid-Left Above Break 3,0.6578616758110675,0.039169535194684205,0.3029687889942483
289,Draymond Green,Hook,Poor,Mid-Right Above Break 3,0.7666718872788246,0.03803149177969204,0.1952966209414832
290,Draymond Green,Hook,Poor,Right Above Break 3,0.789791805623748,0.034353194879029346,0.1758549994972228
291,Draymond Green,Hook,Poor,Left Corner 3,0.7810871409639231,0.04252499008950408,0.17638786894657282
292,Draymond Green,Hook,Poor,Left Above Break 3,0.7271046386036868,0.03427095612335763,0.23862440527295553
293,Draymond Green,Hook,Poor,Left Midrange,0.5596595300011831,0.32759880011652004,0.11274166988229688
294,Draymond Green,Hook,Poor,Mid-Left Short Paint,0.5708637966506347,0.28650353270759205,0.14263267064177323
295,Draymond Green,Hook,Poor,Right Short Mid,0.5993160261439949,0.2852115167413758,0.1154724571146293
296,Draymond Green,Hook,Poor,Mid-Left Midrange,0.8032163293303002,0.10350019291755255,0.09328347775214754
297,Draymond Green,Hook,Plus,Rim,0.7349853471904756,0.19370163786570305,0.07131301494382142
298,Draymond Green,Hook,Plus,Right Corner 3,0.893908088352261,0.011712470183519601,0.09437944146421928
299,Draymond Green,Hook,Plus,Mid-Left Above Break 3,0.8191499024135365,0.011729484470651069,0.1691206131158125
300,Draymond Green,Hook,Plus,Mid-Right Above Break 3,0.87416469192539,0.011104086497673058,0.11473122157693705
301,Draymond Green,Hook,Plus,Right Above Break 3,0.8841599434044538,0.009935297009479165,0.1059047595860672
302,Draymond Green,Hook,Plus,Left Corner 3,0.8811735715602096,0.012384998180404248,0.10644143025938617
303,Draymond Green,Hook,Plus,Left Above Break 3,0.8553117538256189,0.009990792466337526,0.13469745370804354
304,Draymond Green,Hook,Plus,Left Midrange,0.7875918641030614,0.12516366755394334,0.08724446834299536
305,Draymond Green,Hook,Plus,Mid-Left Short Paint,0.7944201389873939,0.10438310795859977,0.10119675305400647
306,Draymond Green,Hook,Plus,Right Short Mid,0.8100981467086488,0.1028622779411132,0.08703957535023822
307,Draymond Green,Hook,Plus,Mid-Left Midrange,0.8949205735608208,0.031531591549548675,0.0735478348896306
308,Draymond Green,Dunk,Average,Rim,0.05553453592171252,0.8782892560762801,0.06617620800200734
309,Draymond Green,Dunk,Average,Right Corner 3,0.3909446679581704,0.40254404170305635,0.20651129033877322
310,Draymond Green,Dunk,Average,Mid-Left Above Break 3,0.23011074039322726,0.3819232966394656,0.3879659629673072
311,Draymond Green,Dunk,Average,Mid-Right Above Break 3,0.3374831068433998,0.3886909621723061,0.2738259309842941
312,Draymond Green,Dunk,Average,Right Above Break 3,0.3751155808969612,0.3683229164715577,0.25656150263148125
313,Draymond Green,Dunk,Average,Left Corner 3,0.3437710305102027,0.41479191440341545,0.24143705508638197
314,Draymond Green,Dunk,Average,Left Above Break 3,0.2996172911162218,0.36458080869141896,0.33580190019235917
315,Draymond Green,Dunk,Average,Left Midrange,0.08823931903174598,0.8306134595302884,0.08114722143796568
316,Draymond Green,Dunk,Average,Mid-Left Short Paint,0.09034414514239922,0.8123286210110681,0.09732723384653262
317,Draymond Green,Dunk,Average,Right Short Mid,0.10034314859764586,0.8140154870688672,0.08564136433348687
318,Draymond Green,Dunk,Average,Mid-Left Midrange,0.2864877825873421,0.6182943356541472,0.09521788175851079
319,Draymond Green,Dunk,Open,Rim,0.057191331842442884,0.8788721747312149,0.06393649342634218
320,Draymond Green,Dunk,Open,Right Corner 3,0.4080437567937696,0.4221773646227698,0.16977887858346064
321,Draymond Green,Dunk,Open,Mid-Left Above Break 3,0.2570012403266672,0.4155617865631903,0.32743697311014247
322,Draymond Green,Dunk,Open,Mid-Right Above Break 3,0.36072093007673933,0.4135363623750704,0.22574270754819023
323,Draymond Green,Dunk,Open,Right Above Break 3,0.39822234992658095,0.39043751653495706,0.21134013353846193
324,Draymond Green,Dunk,Open,Left Corner 3,0.3634798920320277,0.43805471946655244,0.19846538850141976
325,Draymond Green,Dunk,Open,Left Above Break 3,0.32760145677152563,0.392351931357431,0.2800466118710433
326,Draymond Green,Dunk,Open,Left Midrange,0.09134257688516997,0.8348732811965437,0.07378414191828625
327,Draymond Green,Dunk,Open,Mid-Left Short Paint,0.09310253525108898,0.8210589228987409,0.08583854185017012
328,Draymond Green,Dunk,Open,Right Short Mid,0.10314199735849869,0.8196628926690087,0.07719510997249268
329,Draymond Green,Dunk,Open,Mid-Left Midrange,0.28981442932169504,0.6271625285825555,0.08302304209574933
330,Draymond Green,Dunk,Poor,Rim,0.09036394941806933,0.838876617848696,0.0707594327332347
331,Draymond Green,Dunk,Poor,Right Corner 3,0.49272255322765607,0.2745084899782958,0.23276895679404813
332,Draymond Green,Dunk,Poor,Mid-Left Above Break 3,0.2946167327892252,0.26516420326642104,0.44021906394435384
333,Draymond Green,Dunk,Poor,Mid-Right Above Break 3,0.42680802637164666,0.26423381179436367,0.30895816183398966
334,Draymond Green,Dunk,Poor,Right Above Break 3,0.46763477928367686,0.2464342760176462,0.2859309446986769
335,Draymond Green,Dunk,Poor,Left Corner 3,0.4387700807127451,0.2861517093954383,0.27507820989181636
336,Draymond Green,Dunk,Poor,Left Above Break 3,0.3769795405285561,0.2468251349908733,0.37619532448057064
337,Draymond Green,Dunk,Poor,Left Midrange,0.13791118702840857,0.7661184346945821,0.09597037827700931
338,Draymond Green,Dunk,Poor,Mid-Left Short Paint,0.1425773249485125,0.7365261285517455,0.12089654649974206
339,Draymond Green,Dunk,Poor,Right Short Mid,0.15761201407444378,0.7399135699417071,0.10247441598384921
340,Draymond Green,Dunk,Poor,Mid-Left Midrange,0.4008831205937411,0.4883344040286402,0.11078247537761872
341,Draymond Green,Dunk,Plus,Rim,0.2647265120386654,0.6616615555605361,0.07361193240079848
342,Draymond Green,Dunk,Plus,Right Corner 3,0.7525754521053246,0.09649074519610809,0.1509338026985673
343,Draymond Green,Dunk,Plus,Mid-Left Above Break 3,0.5863154586829764,0.10033160980934763,0.31335293150767607
344,Draymond Green,Dunk,Plus,Mid-Right Above Break 3,0.7061387307923068,0.0935222624666834,0.2003390067410098
345,Draymond Green,Dunk,Plus,Right Above Break 3,0.7346439020109126,0.08421306181625716,0.1811430361728304
346,Draymond Green,Dunk,Plus,Left Corner 3,0.7166889159944984,0.10303153889823931,0.18027954510726238
347,Draymond Green,Dunk,Plus,Left Above Break 3,0.6650447988384884,0.0867866860425601,0.24816851511895152
348,Draymond Green,Dunk,Plus,Left Midrange,0.36376150424136416,0.5396189173192776,0.09661957843935834
349,Draymond Green,Dunk,Plus,Mid-Left Short Paint,0.3794821181232147,0.49942925408824684,0.12108862778853839
350,Draymond Green,Dunk,Plus,Right Short Mid,0.40396414287851956,0.4943414169067923,0.10169444021468806
351,Draymond Green,Dunk,Plus,Mid-Left Midrange,0.6885654074315678,0.21957491650283334,0.09185967606559889
352,Draymond Green,Face-Up,Average,Rim,0.48087951040489835,0.4487227940871882,0.07039769550791347
353,Draymond Green,Face-Up,Average,Right Corner 3,0.833280530284644,0.04221745380732654,0.12450201590802945
354,Draymond Green,Face-Up,Average,Mid-Left Above Break 3,0.7064159968046961,0.042104394529929624,0.2514796086653742
355,Draymond Green,Face-Up,Average,Mid-Right Above Break 3,0.7984583191902923,0.04005977289598559,0.16148190791372222
356,Draymond Green,Face-Up,Average,Right Above Break 3,0.817732054321651,0.03611256337159965,0.14615538230674935
357,Draymond Green,Face-Up,Average,Left Corner 3,0.8089170642636875,0.04458986720721349,0.1464930685290992
358,Draymond Green,Face-Up,Average,Left Above Break 3,0.7667760864363933,0.036408719188336505,0.19681519437527015
359,Draymond Green,Face-Up,Average,Left Midrange,0.575932662689925,0.3281769839077799,0.09589035340229501
360,Draymond Green,Face-Up,Average,Mid-Left Short Paint,0.591639309207452,0.28928244812553994,0.11907824266700814
361,Draymond Green,Face-Up,Average,Right Short Mid,0.6159319581531915,0.28593223329072426,0.0981358085560843
362,Draymond Green,Face-Up,Average,Mid-Left Midrange,0.8118279459878235,0.10568023054976676,0.08249182346240969
