,player_name,result_type,result_contest,result_zone,0 pts,2 pts,3 pts
0,Kevon Looney,Layup,Average,Rim,0.26064579907435187,0.6668576690532422,0.07249653187240591
1,Kevon Looney,Layup,Average,Mid-Left Above Break 3,0.5849671191937391,0.23575723916849958,0.1792756416377613
2,Kevon Looney,Layup,Average,Right Corner 3,0.64415447213222,0.20356469807740513,0.152280829790375
3,Kevon Looney,Layup,Average,Left Corner 3,0.5870434079250664,0.23093071132760407,0.18202588074732953
4,Kevon Looney,Layup,Average,Left Short Mid,0.4999392117634759,0.3972401765573994,0.10282061167912478
5,Kevon Looney,Layup,Average,Left Midrange,0.6326093513515718,0.26882836608278515,0.09856228256564308
6,Kevon Looney,Layup,Average,Mid-Right Above Break 3,0.6528476711874125,0.19262843407931338,0.15452389473327394
7,Kevon Looney,Layup,Average,Left Above Break 3,0.6501850205453495,0.20611754477478184,0.14369743467986856
8,Kevon Looney,Layup,Average,Right Above Break 3,0.6149660833589304,0.21208865468091273,0.17294526196015686
9,Kevon Looney,Layup,Average,Mid-Left Midrange,0.4767024052396957,0.4147399948416937,0.10855759991861058
10,Kevon Looney,Layup,Average,Mid-Right Midrange,0.5742704271385219,0.3220666110523721,0.10366296180910592
11,Kevon Looney,Layup,Open,Rim,0.1929691862523745,0.7455255726405465,0.06150524110707904
12,Kevon Looney,Layup,Open,Mid-Left Above Break 3,0.4982747438429196,0.34332438463539494,0.15840087152168544
13,Kevon Looney,Layup,Open,Right Corner 3,0.5659241558915433,0.2977895406241001,0.13628630348435652
14,Kevon Looney,Layup,Open,Left Corner 3,0.5018523110461484,0.3371610276880412,0.16098666126581052
15,Kevon Looney,Layup,Open,Left Short Mid,0.4103564707406697,0.5031929259604438,0.08645060329888646
16,Kevon Looney,Layup,Open,Left Midrange,0.5449652253443198,0.36985244121074506,0.08518233344493517
17,Kevon Looney,Layup,Open,Mid-Right Above Break 3,0.577992649668791,0.2828753414632591,0.1391320088679498
18,Kevon Looney,Layup,Open,Left Above Break 3,0.5707878198501846,0.3009226446523028,0.12828953549751265
19,Kevon Looney,Layup,Open,Right Above Break 3,0.5342552845587926,0.3112911958430999,0.15445351959810757
20,Kevon Looney,Layup,Open,Mid-Left Midrange,0.3880991147100069,0.520986272813212,0.09091461247678125
21,Kevon Looney,Layup,Open,Mid-Right Midrange,0.48447227091101797,0.4274322998683324,0.08809542922064972
22,Kevon Looney,Layup,Poor,Rim,0.20573406632750815,0.7334683558725092,0.06079757779998277
23,Kevon Looney,Layup,Poor,Mid-Left Above Break 3,0.51504715156388,0.332568732373677,0.1523841160624428
24,Kevon Looney,Layup,Poor,Right Corner 3,0.582828320244737,0.2863760828078304,0.13079559694743273
25,Kevon Looney,Layup,Poor,Left Corner 3,0.5186420894400854,0.32655248094759487,0.15480542961231963
26,Kevon Looney,Layup,Poor,Left Short Mid,0.4281031943604362,0.4883439502664878,0.08355285537307602
27,Kevon Looney,Layup,Poor,Left Midrange,0.5619643705408947,0.35622630079732576,0.08180932866177962
28,Kevon Looney,Layup,Poor,Mid-Right Above Break 3,0.5949566704926202,0.27155266602339667,0.13349066348398314
29,Kevon Looney,Layup,Poor,Left Above Break 3,0.5875880890089917,0.2893477274375084,0.12306418355349988
30,Kevon Looney,Layup,Poor,Right Above Break 3,0.5511565300598011,0.3004560701553639,0.1483873997848349
31,Kevon Looney,Layup,Poor,Mid-Left Midrange,0.4058325833040309,0.5062638695161272,0.08790354717984188
32,Kevon Looney,Layup,Poor,Mid-Right Midrange,0.5019636633144076,0.413289248131666,0.08474708855392642
33,Kevon Looney,Layup,Plus,Rim,0.533198155294404,0.4106850367641778,0.05611680794141841
34,Kevon Looney,Layup,Plus,Mid-Left Above Break 3,0.8032830412931871,0.10256909260871701,0.09414786609809582
35,Kevon Looney,Layup,Plus,Right Corner 3,0.8291396153202953,0.08822271317272612,0.0826376715069787
36,Kevon Looney,Layup,Plus,Left Corner 3,0.8037305070546757,0.1008994953243328,0.09536999762099158
37,Kevon Looney,Layup,Plus,Left Short Mid,0.7457192585696337,0.18831443869886766,0.06596630273149871
38,Kevon Looney,Layup,Plus,Left Midrange,0.8215897334198289,0.1152103665070999,0.06319990007307126
39,Kevon Looney,Layup,Plus,Mid-Right Above Break 3,0.8328150587979521,0.08393878108766069,0.08324616011438717
40,Kevon Looney,Layup,Plus,Left Above Break 3,0.8325556217162688,0.08815370821338679,0.07929067007034447
41,Kevon Looney,Layup,Plus,Right Above Break 3,0.8162161470881243,0.09277134455417871,0.09101250835769702
42,Kevon Looney,Layup,Plus,Mid-Left Midrange,0.7336193257356955,0.19770252139519712,0.06867815286910749
43,Kevon Looney,Layup,Plus,Mid-Right Midrange,0.7898044394951133,0.14437030980603455,0.06582525069885226
44,Kevon Looney,Off-Movement,Average,Rim,0.4312300591925631,0.43356247083695915,0.13520746997047778
45,Kevon Looney,Off-Movement,Average,Mid-Left Above Break 3,0.6498505931095258,0.08609108075011371,0.26405832614036057
46,Kevon Looney,Off-Movement,Average,Right Corner 3,0.6991388213952056,0.07582775917377016,0.22503341943102412
47,Kevon Looney,Off-Movement,Average,Left Corner 3,0.648161757314953,0.08390077546426336,0.26793746722078354
48,Kevon Looney,Off-Movement,Average,Left Short Mid,0.6417740473260345,0.1827969002810168,0.17542905239294873
49,Kevon Looney,Off-Movement,Average,Left Midrange,0.7368692245346128,0.10820849204156817,0.15492228342381903
50,Kevon Looney,Off-Movement,Average,Mid-Right Above Break 3,0.701480778817493,0.07161460798413233,0.22690461319837457
51,Kevon Looney,Off-Movement,Average,Left Above Break 3,0.7096798586404127,0.07709021126723878,0.21322993009234842
52,Kevon Looney,Off-Movement,Average,Right Above Break 3,0.6688766044923868,0.07752918194347079,0.2535942135641425
53,Kevon Looney,Off-Movement,Average,Mid-Left Midrange,0.6196696193761976,0.1937386754106583,0.18659170521314405
54,Kevon Looney,Off-Movement,Average,Mid-Right Midrange,0.6944894870158913,0.13556532389618003,0.16994518908792866
55,Kevon Looney,Off-Movement,Open,Rim,0.33787696242949417,0.5512295792953105,0.1108934582751954
56,Kevon Looney,Off-Movement,Open,Mid-Left Above Break 3,0.6146973217771915,0.1364897220896128,0.2488129561331956
57,Kevon Looney,Off-Movement,Open,Right Corner 3,0.6703066930226297,0.11852485905678393,0.21116844792058637
58,Kevon Looney,Off-Movement,Open,Left Corner 3,0.6144280769216988,0.13311209876079216,0.2524598243175091
59,Kevon Looney,Off-Movement,Open,Left Short Mid,0.5718230414029999,0.2726418476194131,0.15553511097758702
60,Kevon Looney,Off-Movement,Open,Left Midrange,0.6909983962105599,0.1675026463012832,0.14149895748815683
61,Kevon Looney,Off-Movement,Open,Mid-Right Above Break 3,0.67497835273249,0.11170170116227955,0.21331994610523058
62,Kevon Looney,Off-Movement,Open,Left Above Break 3,0.6796565650879096,0.12060555449376391,0.19973788041832652
63,Kevon Looney,Off-Movement,Open,Right Above Break 3,0.6388369945314537,0.12216955555640943,0.23899344991213683
64,Kevon Looney,Off-Movement,Open,Mid-Left Midrange,0.547077759710455,0.2878721928935384,0.16505004739600662
65,Kevon Looney,Off-Movement,Open,Mid-Right Midrange,0.6390373292320726,0.20780725585539184,0.15315541491253554
66,Kevon Looney,Off-Movement,Poor,Rim,0.3545579583584042,0.5379179487655428,0.107524092876053
67,Kevon Looney,Off-Movement,Poor,Mid-Left Above Break 3,0.6325131290458413,0.13084908529991773,0.23663778565424098
68,Kevon Looney,Off-Movement,Poor,Right Corner 3,0.687744327615229,0.1124454101682782,0.19981026221649284
69,Kevon Looney,Off-Movement,Poor,Left Corner 3,0.63232002179553,0.12761683706970328,0.24006314113476684
70,Kevon Looney,Off-Movement,Poor,Left Short Mid,0.5881935167480316,0.2643850459442356,0.14742143730773283
71,Kevon Looney,Off-Movement,Poor,Left Midrange,0.7063758681558107,0.16008750998720367,0.13353662185698562
72,Kevon Looney,Off-Movement,Poor,Mid-Right Above Break 3,0.6924929421316949,0.10573324450988979,0.20177381335841532
73,Kevon Looney,Off-Movement,Poor,Left Above Break 3,0.6967502591837066,0.11442123850716354,0.18882850230912981
74,Kevon Looney,Off-Movement,Poor,Right Above Break 3,0.6567029920166206,0.11651055322590971,0.22678645475746975
75,Kevon Looney,Off-Movement,Poor,Mid-Left Midrange,0.5635739669852791,0.27985716512769165,0.15656886788702928
76,Kevon Looney,Off-Movement,Poor,Mid-Right Midrange,0.6550821244970806,0.20020471921145044,0.14471315629146894
77,Kevon Looney,Off-Movement,Plus,Rim,0.7162191640035368,0.20095890875832265,0.08282192723814047
78,Kevon Looney,Off-Movement,Plus,Mid-Left Above Break 3,0.8322949391949941,0.039720945150628295,0.12798411565437773
79,Kevon Looney,Off-Movement,Plus,Right Corner 3,0.8553214573646274,0.03427606414523009,0.11040247849014254
80,Kevon Looney,Off-Movement,Plus,Left Corner 3,0.8308493870017182,0.03899805783804861,0.13015255516023316
81,Kevon Looney,Off-Movement,Plus,Left Short Mid,0.8343145286792917,0.07338825183508914,0.09229721948561909
82,Kevon Looney,Off-Movement,Plus,Left Midrange,0.8739248293883548,0.04377694341696353,0.08229822719468154
83,Kevon Looney,Off-Movement,Plus,Mid-Right Above Break 3,0.8561948861910121,0.032655212773781014,0.11114990103520686
84,Kevon Looney,Off-Movement,Plus,Left Above Break 3,0.8607083228379538,0.03413644901674699,0.10515522814529914
85,Kevon Looney,Off-Movement,Plus,Right Above Break 3,0.840756140790446,0.03594818486322312,0.1232956743463309
86,Kevon Looney,Off-Movement,Plus,Mid-Left Midrange,0.8257100673077227,0.07712627340703429,0.09716365928524302
87,Kevon Looney,Off-Movement,Plus,Mid-Right Midrange,0.8556914689079769,0.05512424811837381,0.08918428297364936
88,Kevon Looney,Catch & Shoot,Average,Rim,0.36407352462939957,0.5147958451585456,0.12113063021205475
89,Kevon Looney,Catch & Shoot,Average,Mid-Left Above Break 3,0.6180414275043822,0.11808451843262632,0.2638740540629914
90,Kevon Looney,Catch & Shoot,Average,Right Corner 3,0.6720411502528784,0.10262005264483713,0.22533879710228452
91,Kevon Looney,Catch & Shoot,Average,Left Corner 3,0.6171495644423359,0.11502281626400028,0.2678276192936638
92,Kevon Looney,Catch & Shoot,Average,Left Short Mid,0.5846416186364832,0.24671245382140858,0.1686459275421081
93,Kevon Looney,Catch & Shoot,Average,Left Midrange,0.6979047711784684,0.14959745742691305,0.15249777139461843
94,Kevon Looney,Catch & Shoot,Average,Mid-Right Above Break 3,0.6760133195523574,0.09643113470009848,0.22755554574754405
95,Kevon Looney,Catch & Shoot,Average,Left Above Break 3,0.6818455664944354,0.10479622785928569,0.21335820564627878
96,Kevon Looney,Catch & Shoot,Average,Right Above Break 3,0.6405926943931867,0.10541006282026237,0.2539972427865508
97,Kevon Looney,Catch & Shoot,Average,Mid-Left Midrange,0.5604870931563201,0.26063771249213563,0.17887519435154423
98,Kevon Looney,Catch & Shoot,Average,Mid-Right Midrange,0.6476370571275006,0.186628322004792,0.16573462086770743
99,Kevon Looney,Catch & Shoot,Open,Rim,0.2818239095739917,0.6197177272298163,0.09845836319619186
100,Kevon Looney,Catch & Shoot,Open,Mid-Left Above Break 3,0.568317009111463,0.18749182771787196,0.24419116317066497
101,Kevon Looney,Catch & Shoot,Open,Right Corner 3,0.6303819906594841,0.16109709836676828,0.20852091097374764
102,Kevon Looney,Catch & Shoot,Open,Left Corner 3,0.5690849329250074,0.18289650722631695,0.24801855984867566
103,Kevon Looney,Catch & Shoot,Open,Left Short Mid,0.507628061789976,0.34633675081664156,0.14603518739338237
104,Kevon Looney,Catch & Shoot,Open,Left Midrange,0.6378073255930029,0.22582350048283012,0.136369173924167
105,Kevon Looney,Catch & Shoot,Open,Mid-Right Above Break 3,0.6374524198024469,0.15130097515921098,0.21124660503834206
106,Kevon Looney,Catch & Shoot,Open,Left Above Break 3,0.6386556506023167,0.16439129209125153,0.19695305730643176
107,Kevon Looney,Catch & Shoot,Open,Right Above Break 3,0.5972101639076739,0.1669485458375674,0.23584129025475864
108,Kevon Looney,Catch & Shoot,Open,Mid-Left Midrange,0.4826604023533492,0.3628348842165498,0.15450471343010092
109,Kevon Looney,Catch & Shoot,Open,Mid-Right Midrange,0.5796252416565217,0.2743978794636571,0.14597687887982108
110,Kevon Looney,Catch & Shoot,Poor,Rim,0.298029182554157,0.6060586364374803,0.09591218100836253
111,Kevon Looney,Catch & Shoot,Poor,Mid-Left Above Break 3,0.5856353731246065,0.181675160166277,0.2326894667091166
112,Kevon Looney,Catch & Shoot,Poor,Right Corner 3,0.6476551542712401,0.15459139687604928,0.19775344885271076
113,Kevon Looney,Catch & Shoot,Poor,Left Corner 3,0.5864624654746917,0.1772325625814246,0.2363049719438836
114,Kevon Looney,Catch & Shoot,Poor,Left Short Mid,0.5246688182692647,0.336578584205609,0.13875259752512642
115,Kevon Looney,Catch & Shoot,Poor,Left Midrange,0.6535854637961388,0.21753407084580703,0.12888046535805414
116,Kevon Looney,Catch & Shoot,Poor,Mid-Right Above Break 3,0.6548376569631683,0.14487520559605754,0.2002871374407742
117,Kevon Looney,Catch & Shoot,Poor,Left Above Break 3,0.6556538305403816,0.157751495343064,0.18659467411655428
118,Kevon Looney,Catch & Shoot,Poor,Right Above Break 3,0.614701340913067,0.1610122155302231,0.22428644355670974
119,Kevon Looney,Catch & Shoot,Poor,Mid-Left Midrange,0.49983303255110895,0.35323801325845505,0.14692895419043622
120,Kevon Looney,Catch & Shoot,Poor,Mid-Right Midrange,0.5960994697431174,0.2657143677658538,0.13818616249102883
121,Kevon Looney,Catch & Shoot,Plus,Rim,0.6571946930545544,0.2641220947066004,0.07868321223884527
122,Kevon Looney,Catch & Shoot,Plus,Mid-Left Above Break 3,0.8180277625971233,0.052359010267641906,0.12961322713523477
123,Kevon Looney,Catch & Shoot,Plus,Right Corner 3,0.8430874323725,0.04518983163991976,0.11172273598758027
124,Kevon Looney,Catch & Shoot,Plus,Left Corner 3,0.8168093086851187,0.05138446444910595,0.13180622686577534
125,Kevon Looney,Catch & Shoot,Plus,Left Short Mid,0.8058653286867227,0.10275278529935465,0.09138188601392264
126,Kevon Looney,Catch & Shoot,Plus,Left Midrange,0.8573425939399197,0.06025072341647801,0.08240668264360224
127,Kevon Looney,Catch & Shoot,Plus,Mid-Right Above Break 3,0.8445381954845719,0.042919591856624695,0.11254221265880356
128,Kevon Looney,Catch & Shoot,Plus,Left Above Break 3,0.8484295807392147,0.04522149474524252,0.10634892451554276
129,Kevon Looney,Catch & Shoot,Plus,Right Above Break 3,0.8278359529942548,0.04727615620043796,0.12488789080530724
130,Kevon Looney,Catch & Shoot,Plus,Mid-Left Midrange,0.7955847122871212,0.10824300295428416,0.09617228475859466
131,Kevon Looney,Catch & Shoot,Plus,Mid-Right Midrange,0.8345311831308425,0.07652720778134056,0.08894160908781688
132,Kevon Looney,Floater,Average,Rim,0.4092443713080668,0.49888591029607204,0.09186971839586114
133,Kevon Looney,Floater,Average,Mid-Left Above Break 3,0.677902500598984,0.12494302948320739,0.1971544699178084
134,Kevon Looney,Floater,Average,Right Corner 3,0.721121110110815,0.11010002945450474,0.16877886043468032
135,Kevon Looney,Floater,Average,Left Corner 3,0.6772028450609214,0.1222659062434756,0.20053124869560296
136,Kevon Looney,Floater,Average,Left Short Mid,0.6342616758414361,0.2397810093445289,0.12595731481403494
137,Kevon Looney,Floater,Average,Left Midrange,0.733930249083522,0.15051844053914054,0.1155513103773375
138,Kevon Looney,Floater,Average,Mid-Right Above Break 3,0.7249553457569691,0.10445089179559228,0.1705937624474386
139,Kevon Looney,Floater,Average,Left Above Break 3,0.7288686850041868,0.11131617265982525,0.15981514233598793
140,Kevon Looney,Floater,Average,Right Above Break 3,0.6964747778992653,0.11330381694731737,0.1902214051534173
141,Kevon Looney,Floater,Average,Mid-Left Midrange,0.6153185719949885,0.25136787204497885,0.1333135559600327
142,Kevon Looney,Floater,Average,Mid-Right Midrange,0.6899975417966794,0.18537455944684877,0.1246278987564718
143,Kevon Looney,Floater,Open,Rim,0.31812912459342135,0.6058160441001663,0.07605483130641234
144,Kevon Looney,Floater,Open,Mid-Left Above Break 3,0.6301859260458228,0.18910083695901855,0.1807132369951586
145,Kevon Looney,Floater,Open,Right Corner 3,0.6795454090809274,0.16567286753035254,0.15478172338872
146,Kevon Looney,Floater,Open,Left Corner 3,0.6309792923178291,0.18523826271893756,0.18378244496323323
147,Kevon Looney,Floater,Open,Left Short Mid,0.5547676338935035,0.3365178999593631,0.1087144661471334
148,Kevon Looney,Floater,Open,Left Midrange,0.6737951492287799,0.2230129670788623,0.10319188369235774
149,Kevon Looney,Floater,Open,Mid-Right Above Break 3,0.6860585572908672,0.15708658627831684,0.1568548564308159
150,Kevon Looney,Floater,Open,Left Above Break 3,0.685880087948641,0.16772177332156862,0.14639813872979046
151,Kevon Looney,Floater,Open,Right Above Break 3,0.6540673050513884,0.1711959604154471,0.17473673453316443
152,Kevon Looney,Floater,Open,Mid-Left Midrange,0.5340195832381817,0.3511951062899442,0.11478531047187417
153,Kevon Looney,Floater,Open,Mid-Right Midrange,0.6212712403515828,0.26933928192969914,0.10938947771871803
154,Kevon Looney,Floater,Poor,Rim,0.33377964839058005,0.5918426546243658,0.07437769698505414
155,Kevon Looney,Floater,Poor,Mid-Left Above Break 3,0.6477062364033307,0.18025159554547127,0.172042168051198
156,Kevon Looney,Floater,Poor,Right Corner 3,0.6966052123515477,0.15656097936002575,0.14683380828842643
157,Kevon Looney,Floater,Poor,Left Corner 3,0.6485617190760093,0.1765491201926172,0.17488916073137345
158,Kevon Looney,Floater,Poor,Left Short Mid,0.5716910808745965,0.32466023722139276,0.10364868190401082
159,Kevon Looney,Floater,Poor,Left Midrange,0.689397237933448,0.21260094910999966,0.09800181295655248
160,Kevon Looney,Floater,Poor,Mid-Right Above Break 3,0.7031575774682481,0.1481153970369053,0.14872702549484648
161,Kevon Looney,Floater,Poor,Left Above Break 3,0.7026188135862255,0.158545668832844,0.13883551758093055
162,Kevon Looney,Floater,Poor,Right Above Break 3,0.6715635371239912,0.16242033818444582,0.16601612469156307
163,Kevon Looney,Floater,Poor,Mid-Left Midrange,0.5510400973648306,0.3394770159023202,0.10948288673284919
164,Kevon Looney,Floater,Poor,Mid-Right Midrange,0.6376319896106681,0.25842442361027473,0.10394358677905721
165,Kevon Looney,Floater,Plus,Rim,0.6772607440561492,0.258822097476983,0.06391715846686792
166,Kevon Looney,Floater,Plus,Mid-Left Above Break 3,0.84281162224254,0.05679281852518732,0.10039555923227275
167,Kevon Looney,Floater,Plus,Right Corner 3,0.8628048787396596,0.0488300270473377,0.08836509421300262
168,Kevon Looney,Floater,Plus,Left Corner 3,0.842163529854868,0.05585382588896313,0.10198264425616907
169,Kevon Looney,Floater,Plus,Left Short Mid,0.8236042251188735,0.10247025337916375,0.07392552150196281
170,Kevon Looney,Floater,Plus,Left Midrange,0.8696547886374588,0.061821671726306184,0.06852353963623484
171,Kevon Looney,Floater,Plus,Mid-Right Above Break 3,0.8644719994027332,0.0465634344154517,0.08896456618181507
172,Kevon Looney,Floater,Plus,Left Above Break 3,0.866745787578507,0.048551571721387424,0.08470264070010577
173,Kevon Looney,Floater,Plus,Right Above Break 3,0.8512574656390767,0.051428921318623685,0.09731361304229973
174,Kevon Looney,Floater,Plus,Mid-Left Midrange,0.8155242348027425,0.10746818600657651,0.07700757919068077
175,Kevon Looney,Floater,Plus,Mid-Right Midrange,0.8495890389589436,0.07771227587695842,0.07269868516409791
176,Kevon Looney,Off-Lob / Tip,Average,Rim,0.3806541325200379,0.5279683500022344,0.09137751747772778
177,Kevon Looney,Off-Lob / Tip,Average,Mid-Left Above Break 3,0.6612335850923994,0.13688753508801474,0.2018788798195858
178,Kevon Looney,Off-Lob / Tip,Average,Right Corner 3,0.707097355631152,0.12030940151066938,0.17259324285817865
179,Kevon Looney,Off-Lob / Tip,Average,Left Corner 3,0.6608208100349402,0.13390495443839331,0.20527423552666663
180,Kevon Looney,Off-Lob / Tip,Average,Left Short Mid,0.6110285057286797,0.2618553732022666,0.12711612106905376
181,Kevon Looney,Off-Lob / Tip,Average,Left Midrange,0.7174696801895222,0.1653614868067605,0.11716883300371732
182,Kevon Looney,Off-Lob / Tip,Average,Mid-Right Above Break 3,0.7114854989738678,0.11399860050177146,0.17451590052436075
183,Kevon Looney,Off-Lob / Tip,Average,Left Above Break 3,0.7148247036471403,0.12181965155792125,0.16335564479493833
184,Kevon Looney,Off-Lob / Tip,Average,Right Above Break 3,0.6814137806594178,0.12386518752743766,0.19472103181314437
185,Kevon Looney,Off-Lob / Tip,Average,Mid-Left Midrange,0.5908523709676128,0.2745842061680172,0.1345634228643699
186,Kevon Looney,Off-Lob / Tip,Average,Mid-Right Midrange,0.6706607927056469,0.20324644765655747,0.12609275963779573
187,Kevon Looney,Off-Lob / Tip,Open,Rim,0.29312526793902993,0.6314088144930323,0.0754659175679378
188,Kevon Looney,Off-Lob / Tip,Open,Mid-Left Above Break 3,0.6081779687499074,0.20743330117234776,0.18438873007774498
189,Kevon Looney,Off-Lob / Tip,Open,Right Corner 3,0.661008194670233,0.18117573868042214,0.15781606664934492
190,Kevon Looney,Off-Lob / Tip,Open,Left Corner 3,0.6093580704315842,0.20314938997167858,0.18749253959673723
191,Kevon Looney,Off-Lob / Tip,Open,Left Short Mid,0.5288988874095119,0.36206119547516113,0.10903991711532715
192,Kevon Looney,Off-Lob / Tip,Open,Left Midrange,0.6527862539085382,0.24320876959039078,0.10400497650107106
193,Kevon Looney,Off-Lob / Tip,Open,Mid-Right Above Break 3,0.6683181333552957,0.1716255255191124,0.1600563411255918
194,Kevon Looney,Off-Lob / Tip,Open,Left Above Break 3,0.6672440469821449,0.18360423843161633,0.1491517145862388
195,Kevon Looney,Off-Lob / Tip,Open,Right Above Break 3,0.634188154300796,0.1874412518156526,0.17837059388355145
196,Kevon Looney,Off-Lob / Tip,Open,Mid-Left Midrange,0.5072946744218505,0.3775745720697882,0.11513075350836126
197,Kevon Looney,Off-Lob / Tip,Open,Mid-Right Midrange,0.5979200522686068,0.2921038063381586,0.10997614139323453
198,Kevon Looney,Off-Lob / Tip,Poor,Rim,0.30843348887838784,0.6176591774541393,0.0739073336674728
199,Kevon Looney,Off-Lob / Tip,Poor,Mid-Left Above Break 3,0.6256219241986309,0.19856523390845826,0.17581284189291072
200,Kevon Looney,Off-Lob / Tip,Poor,Right Corner 3,0.6781611151949253,0.17191520404007707,0.14992368076499757
201,Kevon Looney,Off-Lob / Tip,Poor,Left Corner 3,0.6268607476038862,0.19444030461139522,0.17869894778471845
202,Kevon Looney,Off-Lob / Tip,Poor,Left Short Mid,0.5460312900811799,0.349871139504367,0.10409757041445325
203,Kevon Looney,Off-Lob / Tip,Poor,Left Midrange,0.6686616861283197,0.23249139122520085,0.09884692264647958
204,Kevon Looney,Off-Lob / Tip,Poor,Mid-Right Above Break 3,0.6855288118053359,0.16248949429083157,0.15198169390383262
205,Kevon Looney,Off-Lob / Tip,Poor,Left Above Break 3,0.6841065688208067,0.1742623703026324,0.1416310608765609
206,Kevon Looney,Off-Lob / Tip,Poor,Right Above Break 3,0.65167956832019,0.17858723533349058,0.16973319634631942
207,Kevon Looney,Off-Lob / Tip,Poor,Mid-Left Midrange,0.5245080348653856,0.36552527429554316,0.10996669083907137
208,Kevon Looney,Off-Lob / Tip,Poor,Mid-Right Midrange,0.6145082152251381,0.28088250692082306,0.10460927785403887
209,Kevon Looney,Off-Lob / Tip,Plus,Rim,0.6552368768676392,0.2806736290849488,0.06408949404741199
210,Kevon Looney,Off-Lob / Tip,Plus,Mid-Left Above Break 3,0.8353561576540907,0.062019768817602,0.10262407352830734
211,Kevon Looney,Off-Lob / Tip,Plus,Right Corner 3,0.8565234351735608,0.053378894829158474,0.09009766999728078
212,Kevon Looney,Off-Lob / Tip,Plus,Left Corner 3,0.8347681195060298,0.06098535248463012,0.10424652800933998
213,Kevon Looney,Off-Lob / Tip,Plus,Left Short Mid,0.8120446324557496,0.11324223924039585,0.07471312830385443
214,Kevon Looney,Off-Lob / Tip,Plus,Left Midrange,0.8624465097468323,0.06822172752565539,0.06933176272751218
215,Kevon Looney,Off-Lob / Tip,Plus,Mid-Right Above Break 3,0.8583999242879432,0.050871791702061665,0.09072828400999502
216,Kevon Looney,Off-Lob / Tip,Plus,Left Above Break 3,0.8605635841164718,0.05314141428098397,0.08629500160254416
217,Kevon Looney,Off-Lob / Tip,Plus,Right Above Break 3,0.8444418703256054,0.05615632397879623,0.09940180569559859
218,Kevon Looney,Off-Lob / Tip,Plus,Mid-Left Midrange,0.8032786307911683,0.11881408694268761,0.07790728226614405
219,Kevon Looney,Off-Lob / Tip,Plus,Mid-Right Midrange,0.8406263188545573,0.08582279171626456,0.07355088942917828
220,Kevon Looney,Face-Up,Average,Rim,0.47200207732222077,0.4441612284754374,0.08383669420234184
221,Kevon Looney,Face-Up,Average,Mid-Left Above Break 3,0.7167400800611677,0.1088484901012206,0.1744114298376119
222,Kevon Looney,Face-Up,Average,Right Corner 3,0.7536071188747423,0.09606340036606983,0.1503294807591879
223,Kevon Looney,Face-Up,Average,Left Corner 3,0.7157136235016234,0.106656299980374,0.17763007651800264
224,Kevon Looney,Face-Up,Average,Left Short Mid,0.6783385062955565,0.20777633667432016,0.11388515703012339
225,Kevon Looney,Face-Up,Average,Left Midrange,0.7650170666525734,0.13020155188382182,0.1047813814636048
226,Kevon Looney,Face-Up,Average,Mid-Right Above Break 3,0.7567950840462718,0.09127460992357352,0.15193030603015473
227,Kevon Looney,Face-Up,Average,Left Above Break 3,0.7606433319751377,0.09685435586299015,0.14250231216187198
228,Kevon Looney,Face-Up,Average,Right Above Break 3,0.7322046911195285,0.09900447209720184,0.16879083678326962
229,Kevon Looney,Face-Up,Average,Mid-Left Midrange,0.6627737880361129,0.21707848274650562,0.12014772921738144
230,Kevon Looney,Face-Up,Average,Mid-Right Midrange,0.7263203591938996,0.16076747308372794,0.11291216772237252
231,Kevon Looney,Face-Up,Open,Rim,0.37885796589719084,0.5510680226966337,0.07007401140617539
232,Kevon Looney,Face-Up,Open,Mid-Left Above Break 3,0.6768195663993124,0.16361896289813932,0.15956147070254842
233,Kevon Looney,Face-Up,Open,Right Corner 3,0.7180688303684317,0.14409828204127959,0.13783288759028878
234,Kevon Looney,Face-Up,Open,Left Corner 3,0.6770407071249971,0.16047914679937633,0.1624801460756266
235,Kevon Looney,Face-Up,Open,Left Short Mid,0.6054765343136481,0.2955094705759306,0.09901399511042124
236,Kevon Looney,Face-Up,Open,Left Midrange,0.7116261087152385,0.1941853548674944,0.09418853641726706
237,Kevon Looney,Face-Up,Open,Mid-Right Above Break 3,0.7235399502967022,0.13684987332940984,0.1396101763738881
238,Kevon Looney,Face-Up,Open,Left Above Break 3,0.7238190438800127,0.14556929479986946,0.13061166132011776
239,Kevon Looney,Face-Up,Open,Right Above Break 3,0.6964683031780512,0.14876054891342758,0.15477114790852126
240,Kevon Looney,Face-Up,Open,Mid-Left Midrange,0.5881351657593161,0.3076374422660851,0.10422739197459877
241,Kevon Looney,Face-Up,Open,Mid-Right Midrange,0.6644402441816895,0.2357551102543595,0.09980464556395105
242,Kevon Looney,Face-Up,Poor,Rim,0.3952517037518079,0.5363665536215696,0.06838174262662244
243,Kevon Looney,Face-Up,Poor,Mid-Left Above Break 3,0.6940936483115984,0.15462128871359587,0.15128506297480582
244,Kevon Looney,Face-Up,Poor,Right Corner 3,0.7344846522125618,0.13515185095508236,0.13036349683235576
245,Kevon Looney,Face-Up,Poor,Left Corner 3,0.6943783097701377,0.15164080489642387,0.1539808853334384
246,Kevon Looney,Face-Up,Poor,Left Short Mid,0.6219484964148903,0.2838749771958303,0.09417652638927938
247,Kevon Looney,Face-Up,Poor,Left Midrange,0.7263887020349719,0.18422981179485726,0.08938148617017075
248,Kevon Looney,Face-Up,Poor,Mid-Right Above Break 3,0.7399505209735266,0.12807281606974835,0.1319766629567249
249,Kevon Looney,Face-Up,Poor,Left Above Break 3,0.7398550999357761,0.1366062605796397,0.12353863948458417
250,Kevon Looney,Face-Up,Poor,Right Above Break 3,0.7135332846997902,0.13997826321413662,0.14648845208607328
251,Kevon Looney,Face-Up,Poor,Mid-Left Midrange,0.6047736635197606,0.2960798867513378,0.0991464497289015
252,Kevon Looney,Face-Up,Poor,Mid-Right Midrange,0.6801558027739321,0.22516368847538143,0.0946805087506866
253,Kevon Looney,Face-Up,Plus,Rim,0.7143642430577828,0.22598090954213426,0.05965484740008311
254,Kevon Looney,Face-Up,Plus,Mid-Left Above Break 3,0.8601335323490943,0.04886761868101743,0.09099884896988827
255,Kevon Looney,Face-Up,Plus,Right Corner 3,0.8771450529371678,0.04186934633136378,0.08098560073146835
256,Kevon Looney,Face-Up,Plus,Left Corner 3,0.8595201034396489,0.048079263680812674,0.09240063287953852
257,Kevon Looney,Face-Up,Plus,Left Short Mid,0.8434817544054665,0.08770132188748403,0.06881692370704941
258,Kevon Looney,Face-Up,Plus,Left Midrange,0.8829247769836437,0.05270575265755215,0.06436947035880418
259,Kevon Looney,Face-Up,Plus,Mid-Right Above Break 3,0.8785686775689502,0.03993120569170959,0.08150011673934013
260,Kevon Looney,Face-Up,Plus,Left Above Break 3,0.8805418927449498,0.04157081337059365,0.07788729388445653
261,Kevon Looney,Face-Up,Plus,Right Above Break 3,0.8672930024122408,0.044211708760579574,0.08849528882717958
262,Kevon Looney,Face-Up,Plus,Mid-Left Midrange,0.8367240397181381,0.0919483285199559,0.07132763176190593
263,Kevon Looney,Face-Up,Plus,Mid-Right Midrange,0.8656850001504465,0.0664089894516162,0.0679060103979373
264,Kevon Looney,1-2D Pull-Up,Average,Rim,0.3313463319321678,0.5382220982952248,0.13043156977260745
265,Kevon Looney,1-2D Pull-Up,Average,Mid-Left Above Break 3,0.5920887357808693,0.12415969812670533,0.2837515660924254
266,Kevon Looney,1-2D Pull-Up,Average,Right Corner 3,0.6497864034480567,0.10904027526569866,0.24117332128624452
267,Kevon Looney,1-2D Pull-Up,Average,Left Corner 3,0.5914860731993928,0.12094874218618692,0.2875651846144202
268,Kevon Looney,1-2D Pull-Up,Average,Left Short Mid,0.565192439263707,0.2532658918859899,0.1815416688503031
269,Kevon Looney,1-2D Pull-Up,Average,Left Midrange,0.6830262046485638,0.15377158402257368,0.16320221132886242
270,Kevon Looney,1-2D Pull-Up,Average,Mid-Right Above Break 3,0.6536625267761288,0.10296707552508295,0.24337039769878835
271,Kevon Looney,1-2D Pull-Up,Average,Left Above Break 3,0.660522156682817,0.11099469269985925,0.22848315061732372
272,Kevon Looney,1-2D Pull-Up,Average,Right Above Break 3,0.6160926146416117,0.1116120460626,0.2722953392957884
273,Kevon Looney,1-2D Pull-Up,Average,Mid-Left Midrange,0.5390899480674156,0.26805939755879094,0.1928506543737936
274,Kevon Looney,1-2D Pull-Up,Average,Mid-Right Midrange,0.63189981535867,0.19061888138329483,0.17748130325803516
275,Kevon Looney,1-2D Pull-Up,Open,Rim,0.24893993987968085,0.6469179783254556,0.10414208179486353
276,Kevon Looney,1-2D Pull-Up,Open,Mid-Left Above Break 3,0.5408530950105004,0.19472697427067054,0.26441993071882913
277,Kevon Looney,1-2D Pull-Up,Open,Right Corner 3,0.6066611633013717,0.168744670659144,0.2245941660394845
278,Kevon Looney,1-2D Pull-Up,Open,Left Corner 3,0.541931018075101,0.1899555938122114,0.2681133881126875
279,Kevon Looney,1-2D Pull-Up,Open,Left Short Mid,0.48217028574983123,0.3611052744313214,0.15672443981884726
280,Kevon Looney,1-2D Pull-Up,Open,Left Midrange,0.6211546279853888,0.23224610716768757,0.14659926484692362
281,Kevon Looney,1-2D Pull-Up,Open,Mid-Right Above Break 3,0.6135484326158662,0.1591237828844379,0.2273277844996957
282,Kevon Looney,1-2D Pull-Up,Open,Left Above Break 3,0.6159657557554022,0.17177571308385026,0.2122585311607475
283,Kevon Looney,1-2D Pull-Up,Open,Right Above Break 3,0.5711157903030409,0.17433414535075487,0.25455006434620414
284,Kevon Looney,1-2D Pull-Up,Open,Mid-Left Midrange,0.455145638451319,0.3791038018023703,0.1657505597463107
285,Kevon Looney,1-2D Pull-Up,Open,Mid-Right Midrange,0.5604194639173434,0.28294610245976043,0.15663443362289614
286,Kevon Looney,1-2D Pull-Up,Poor,Rim,0.2639932741338916,0.6343225340418847,0.10168419182422381
287,Kevon Looney,1-2D Pull-Up,Poor,Mid-Left Above Break 3,0.5583654739585171,0.18831626621011358,0.25331825983136935
288,Kevon Looney,1-2D Pull-Up,Poor,Right Corner 3,0.6244208785123233,0.16149194970002728,0.21408717178764936
289,Kevon Looney,1-2D Pull-Up,Poor,Left Corner 3,0.5594845829155091,0.1837047400823322,0.25681067700215876
290,Kevon Looney,1-2D Pull-Up,Poor,Left Short Mid,0.4991116430602971,0.35124940248570663,0.14963895445399636
291,Kevon Looney,1-2D Pull-Up,Poor,Left Midrange,0.6376356789566702,0.22314060167493613,0.13922371936839376
292,Kevon Looney,1-2D Pull-Up,Poor,Mid-Right Above Break 3,0.6314280345190679,0.15195262043695212,0.21661934504398012
293,Kevon Looney,1-2D Pull-Up,Poor,Left Above Break 3,0.6335325137971275,0.16434821567120012,0.2021192705316724
294,Kevon Looney,1-2D Pull-Up,Poor,Right Above Break 3,0.588901074530505,0.167748038949513,0.243350886519982
295,Kevon Looney,1-2D Pull-Up,Poor,Mid-Left Midrange,0.4721302885186473,0.3694896000061934,0.15838011147515937
296,Kevon Looney,1-2D Pull-Up,Poor,Mid-Right Midrange,0.5771910056276116,0.2737841306075741,0.14902486376481422
297,Kevon Looney,1-2D Pull-Up,Plus,Rim,0.6384418408817851,0.2752075586511274,0.08635060046708742
298,Kevon Looney,1-2D Pull-Up,Plus,Mid-Left Above Break 3,0.8033285098661599,0.05841184886965615,0.1382596412641839
299,Kevon Looney,1-2D Pull-Up,Plus,Right Corner 3,0.8308461810999905,0.05066692992694426,0.11848688897306525
300,Kevon Looney,1-2D Pull-Up,Plus,Left Corner 3,0.8021327142078434,0.057340894353103286,0.14052639143905332
301,Kevon Looney,1-2D Pull-Up,Plus,Left Short Mid,0.7966203475767021,0.10591381546326026,0.0974658369600377
302,Kevon Looney,1-2D Pull-Up,Plus,Left Midrange,0.8489147688639737,0.06430387145894215,0.08678135967708424
303,Kevon Looney,1-2D Pull-Up,Plus,Mid-Right Above Break 3,0.8323464901821289,0.048320280896751715,0.11933322892111942
304,Kevon Looney,1-2D Pull-Up,Plus,Left Above Break 3,0.8368141110208157,0.05050138271080814,0.11268450626837616
305,Kevon Looney,1-2D Pull-Up,Plus,Right Above Break 3,0.8141144998663694,0.05299463846117945,0.13289086167245098
306,Kevon Looney,1-2D Pull-Up,Plus,Mid-Left Midrange,0.7857570975135393,0.11127624485963072,0.10296665762682995
307,Kevon Looney,1-2D Pull-Up,Plus,Mid-Right Midrange,0.8256029311290514,0.08028362033473349,0.09411344853621524
308,Kevon Looney,Hook,Average,Rim,0.31933894923823714,0.58786711192344,0.09279393883832292
309,Kevon Looney,Hook,Average,Mid-Left Above Break 3,0.6156621255175289,0.16584085824754385,0.21849701623492726
310,Kevon Looney,Hook,Average,Right Corner 3,0.671017522138141,0.14329246201231385,0.185690015849545
311,Kevon Looney,Hook,Average,Left Corner 3,0.6160993643802112,0.16197524148080625,0.2219253941389827
312,Kevon Looney,Hook,Average,Left Short Mid,0.5543149143909911,0.31327208648598204,0.13241299912302695
313,Kevon Looney,Hook,Average,Left Midrange,0.6773273969254465,0.19981556102506093,0.12285704204949255
314,Kevon Looney,Hook,Average,Mid-Right Above Break 3,0.6770720308508664,0.13501758959930416,0.18791037954982945
315,Kevon Looney,Hook,Average,Left Above Break 3,0.6788544231451725,0.1457123542675779,0.17543322258724953
316,Kevon Looney,Hook,Average,Right Above Break 3,0.6412382554839576,0.14838008448084739,0.21038166003519504
317,Kevon Looney,Hook,Average,Mid-Left Midrange,0.5307171613296712,0.3290296252702499,0.14025321340007896
318,Kevon Looney,Hook,Average,Mid-Right Midrange,0.6232336007564986,0.24501746046039835,0.13174893878310306
319,Kevon Looney,Hook,Open,Rim,0.2421854838983816,0.6813842210059009,0.07643029509571735
320,Kevon Looney,Hook,Open,Mid-Left Above Break 3,0.5483475375480296,0.25372244481952794,0.19793001763244245
321,Kevon Looney,Hook,Open,Right Corner 3,0.6125383970245346,0.21834993173803788,0.16911167123742757
322,Kevon Looney,Hook,Open,Left Corner 3,0.5505078534082879,0.2482973394380239,0.2011948071536882
323,Kevon Looney,Hook,Open,Left Short Mid,0.46966460169318214,0.4177512340445116,0.11258416426230618
324,Kevon Looney,Hook,Open,Left Midrange,0.6030363483231725,0.28904535597900444,0.10791829569782307
325,Kevon Looney,Hook,Open,Mid-Right Above Break 3,0.6220575015530037,0.20604764729092673,0.17189485115606953
326,Kevon Looney,Hook,Open,Left Above Break 3,0.6188752087053571,0.22174048522255382,0.15938430607208903
327,Kevon Looney,Hook,Open,Right Above Break 3,0.5806416739103595,0.22753963825114282,0.19181868783849776
328,Kevon Looney,Hook,Open,Mid-Left Midrange,0.4461342688315894,0.4349964305563422,0.11886930061206857
329,Kevon Looney,Hook,Open,Mid-Right Midrange,0.5433045610055526,0.3429282322069979,0.11376720678744942
330,Kevon Looney,Hook,Poor,Rim,0.2571588893163563,0.6678305242116916,0.07501058647195218
331,Kevon Looney,Hook,Poor,Mid-Left Above Break 3,0.5653024465104213,0.24553341785445948,0.18916413563511933
332,Kevon Looney,Hook,Poor,Right Corner 3,0.629446056976245,0.20951635335621938,0.1610375896675355
333,Kevon Looney,Hook,Poor,Left Corner 3,0.5675069720496241,0.24027070234716624,0.19222232560320976
334,Kevon Looney,Hook,Poor,Left Short Mid,0.48719547508714856,0.4051106449749732,0.10769387993787842
335,Kevon Looney,Hook,Poor,Left Midrange,0.6191967421744106,0.2781585545279868,0.10264470329760267
336,Kevon Looney,Hook,Poor,Mid-Right Above Break 3,0.63904952189904,0.19731077753090373,0.16363970057005636
337,Kevon Looney,Hook,Poor,Left Above Break 3,0.6355582485160285,0.2127720324734515,0.15166971901051998
338,Kevon Looney,Hook,Poor,Right Above Break 3,0.597719440915946,0.2192748338688714,0.18300572521518255
339,Kevon Looney,Hook,Poor,Mid-Left Midrange,0.46375743814933656,0.42246677086137546,0.11377579098928796
340,Kevon Looney,Hook,Poor,Mid-Right Midrange,0.5602134930829397,0.3314215862028809,0.1083649207141792
341,Kevon Looney,Hook,Plus,Rim,0.6052319916630629,0.3290036047718793,0.06576440356505794
342,Kevon Looney,Hook,Plus,Mid-Left Above Break 3,0.818662526727316,0.07180973954692613,0.10952773372575789
343,Kevon Looney,Hook,Plus,Right Corner 3,0.8429998630333054,0.06176130327028928,0.09523883369640516
344,Kevon Looney,Hook,Plus,Left Corner 3,0.8182344864075294,0.07055603665539241,0.11120947693707821
345,Kevon Looney,Hook,Plus,Left Short Mid,0.7849538723917362,0.13782806361734007,0.07721806399092365
346,Kevon Looney,Hook,Plus,Left Midrange,0.8464487966004597,0.0819108389196089,0.07164036447993151
347,Kevon Looney,Hook,Plus,Mid-Right Above Break 3,0.8453870099444563,0.058678047687439686,0.09593494236810393
348,Kevon Looney,Hook,Plus,Left Above Break 3,0.8472333068286165,0.06176347391799306,0.09100321925339042
349,Kevon Looney,Hook,Plus,Right Above Break 3,0.8294566997998276,0.06482651966786328,0.10571678053230926
350,Kevon Looney,Hook,Plus,Mid-Left Midrange,0.7741198827974803,0.14504901187087813,0.08083110533164158
351,Kevon Looney,Hook,Plus,Mid-Right Midrange,0.8202417755364092,0.10371171153948819,0.07604651292410258
352,Kevon Looney,Dunk,Average,Rim,0.07484296078308124,0.8574318819638224,0.06772515725309661
353,Kevon Looney,Dunk,Average,Mid-Left Above Break 3,0.21024195545380767,0.5933239118278438,0.19643413271834853
354,Kevon Looney,Dunk,Average,Right Corner 3,0.25995614054018723,0.5582683528203541,0.1817755066394587
355,Kevon Looney,Dunk,Average,Left Corner 3,0.21163671903409192,0.5872404504989648,0.2011228304669434
356,Kevon Looney,Dunk,Average,Left Short Mid,0.18867461684955972,0.7002752781093402,0.11105010504109998
357,Kevon Looney,Dunk,Average,Left Midrange,0.278692203309976,0.6072166898982159,0.114091106791808
358,Kevon Looney,Dunk,Average,Mid-Right Above Break 3,0.26809168982845066,0.543662948348173,0.18824536182337653
359,Kevon Looney,Dunk,Average,Left Above Break 3,0.267284819251312,0.5610823880190063,0.17163279272968154
360,Kevon Looney,Dunk,Average,Right Above Break 3,0.23246321351907487,0.5681863073928748,0.19935047908805026
361,Kevon Looney,Dunk,Average,Mid-Left Midrange,0.1762452833825344,0.7083862667103825,0.11536844990708302
362,Kevon Looney,Dunk,Average,Mid-Right Midrange,0.23474103797816123,0.648690925720773,0.1165680363010659
363,Kevon Looney,Dunk,Open,Rim,0.052315201224039695,0.8889338637514393,0.05875093502452099
364,Kevon Looney,Dunk,Open,Mid-Left Above Break 3,0.16244499666935464,0.6849844320281082,0.15257057130253723
365,Kevon Looney,Dunk,Open,Right Corner 3,0.2000888432941174,0.6572463778123364,0.14266477889354617
366,Kevon Looney,Dunk,Open,Left Corner 3,0.16373899977043446,0.6799156989441394,0.15634530128542606
367,Kevon Looney,Dunk,Open,Left Short Mid,0.14197673694473117,0.7681220801897968,0.08990118286547197
368,Kevon Looney,Dunk,Open,Left Midrange,0.21499224359098754,0.6919848973338836,0.09302285907512886
369,Kevon Looney,Dunk,Open,Mid-Right Above Break 3,0.2063171491802271,0.6459899847297338,0.1476928660900389
370,Kevon Looney,Dunk,Open,Left Above Break 3,0.2061463474565139,0.6585097801892255,0.13534387235426076
